34.7920 , -8.4227 , 12.1729 , 34.6718 , -8.3470 , 47.8309 , 0.00
34.1411 , -8.6142 , 3.9795 , 34.4640 , -8.4169 , 47.7772 , 1.00
33.1890 , -8.9045 , 3.8297 , 33.8491 , -8.6115 , 47.6274 , 2.00
31.7426 , -9.2057 , 3.9562 , 32.8315 , -8.8795 , 47.4195 , 3.00
30.1057 , -9.4956 , 4.2021 , 31.4674 , -9.1553 , 47.1967 , 4.00
28.1613 , -9.7394 , 4.9785 , 29.8150 , -9.4166 , 46.9728 , 5.00
26.0713 , -9.9302 , 5.4491 , 27.9135 , -9.6537 , 46.7522 , 6.00
23.7082 , -10.0731 , 6.2736 , 25.7844 , -9.8530 , 46.5399 , 7.00
21.1930 , -10.1598 , 6.8830 , 23.4364 , -10.0085 , 46.3367 , 8.00
18.5291 , -10.2233 , 8.3554 , 20.9025 , -10.1092 , 46.1439 , 9.00
15.7392 , -10.2105 , 9.1720 , 18.2131 , -10.1444 , 45.9611 , 10.00
12.8296 , -10.0915 , 9.7919 , 15.4166 , -10.1009 , 45.7871 , 11.00
10.0079 , -9.8516 , 10.4141 , 12.5645 , -9.9691 , 45.6177 , 12.00
7.2287 , -9.5391 , 11.4850 , 9.7171 , -9.7428 , 45.4463 , 13.00
4.5121 , -9.1334 , 12.2199 , 6.9285 , -9.4272 , 45.2643 , 14.00
2.0138 , -8.7420 , 12.4706 , 4.2459 , -9.0369 , 45.0627 , 15.00
-0.3312 , -8.2151 , 12.8824 , 1.7089 , -8.5928 , 44.8350 , 16.00
-2.4830 , -7.7426 , 13.0992 , -0.6517 , -8.1174 , 44.5782 , 17.00
-4.4476 , -7.3054 , 13.3781 , -2.8117 , -7.6291 , 44.2926 , 18.00
-6.1416 , -6.7665 , 13.1241 , -4.7557 , -7.1398 , 43.9810 , 19.00
-7.6150 , -6.2728 , 13.0033 , -6.4747 , -6.6540 , 43.6468 , 20.00
-8.8420 , -5.8366 , 12.4066 , -7.9666 , -6.1706 , 43.2930 , 21.00
-9.9390 , -5.2820 , 12.0674 , -9.2352 , -5.6866 , 42.9221 , 22.00
-10.7618 , -4.8160 , 10.6080 , -10.2904 , -5.2000 , 42.5360 , 23.00
-11.4265 , -4.3290 , 9.7044 , -11.1471 , -4.7102 , 42.1362 , 24.00
-11.9583 , -3.8715 , 8.7629 , -11.8234 , -4.2179 , 41.7243 , 25.00
-12.2484 , -3.2911 , 7.9833 , -12.3380 , -3.7241 , 41.3015 , 26.00
-12.5253 , -2.8134 , 6.7596 , -12.7090 , -3.2297 , 40.8687 , 27.00
-12.6625 , -2.3369 , 5.7490 , -12.9544 , -2.7366 , 40.4267 , 28.00
-12.6883 , -1.8621 , 4.4535 , -13.0920 , -2.2481 , 39.9769 , 29.00
-12.6853 , -1.3768 , 3.3495 , -13.1403 , -1.7700 , 39.5207 , 30.00
-12.6260 , -0.9174 , 2.0986 , -13.1182 , -1.3099 , 39.0600 , 31.00
-12.4977 , -0.5247 , 1.0192 , -13.0431 , -0.8761 , 38.5969 , 32.00
-12.3625 , -0.0992 , -0.1483 , -12.9298 , -0.4757 , 38.1326 , 33.00
-12.2113 , 0.2287 , -1.0651 , -12.7895 , -0.1136 , 37.6682 , 34.00
-12.0383 , 0.5252 , -2.0495 , -12.6297 , 0.2079 , 37.2036 , 35.00
-11.8848 , 0.7182 , -2.8094 , -12.4549 , 0.4887 , 36.7388 , 36.00
-11.6698 , 0.9691 , -3.5537 , -12.2669 , 0.7301 , 36.2733 , 37.00
-11.4488 , 1.1936 , -4.1448 , -12.0655 , 0.9347 , 35.8066 , 38.00
-11.2386 , 1.2537 , -4.6106 , -11.8491 , 1.1062 , 35.3382 , 39.00
-10.9723 , 1.3986 , -4.9582 , -11.6149 , 1.2485 , 34.8676 , 40.00
-10.7229 , 1.5446 , -5.2865 , -11.3602 , 1.3658 , 34.3944 , 41.00
-10.4083 , 1.5697 , -5.5392 , -11.0830 , 1.4622 , 33.9184 , 42.00
-10.0648 , 1.6263 , -5.7328 , -10.7823 , 1.5412 , 33.4398 , 43.00
-9.7277 , 1.6971 , -5.9221 , -10.4583 , 1.6056 , 32.9586 , 44.00
-9.4180 , 1.7485 , -5.8769 , -10.1126 , 1.6572 , 32.4754 , 45.00
-9.0370 , 1.7749 , -5.8670 , -9.7475 , 1.6974 , 31.9908 , 46.00
-8.6133 , 1.8126 , -5.7802 , -9.3661 , 1.7268 , 31.5056 , 47.00
-8.2169 , 1.7611 , -5.7026 , -8.9717 , 1.7457 , 31.0207 , 48.00
-7.8310 , 1.7894 , -5.5868 , -8.5680 , 1.7541 , 30.5370 , 49.00
-7.4083 , 1.7439 , -5.4963 , -8.1585 , 1.7521 , 30.0552 , 50.00
-7.0061 , 1.7063 , -5.3772 , -7.7464 , 1.7400 , 29.5764 , 51.00
-6.6211 , 1.6886 , -5.2506 , -7.3348 , 1.7180 , 29.1011 , 52.00
-6.2027 , 1.6538 , -5.0360 , -6.9268 , 1.6868 , 28.6302 , 53.00
-5.7825 , 1.5390 , -4.9086 , -6.5251 , 1.6468 , 28.1642 , 54.00
-5.4543 , 1.5403 , -4.7260 , -6.1326 , 1.5988 , 27.7036 , 55.00
-5.1258 , 1.4920 , -4.5445 , -5.7518 , 1.5435 , 27.2489 , 56.00
-4.7370 , 1.4169 , -4.3582 , -5.3855 , 1.4814 , 26.8005 , 57.00
-4.4561 , 1.3283 , -4.2038 , -5.0362 , 1.4134 , 26.3586 , 58.00
-4.1616 , 1.2557 , -3.9533 , -4.7062 , 1.3401 , 25.9234 , 59.00
-3.8603 , 1.1527 , -3.7821 , -4.3975 , 1.2621 , 25.4953 , 60.00
-3.5941 , 1.0643 , -3.5182 , -4.1118 , 1.1801 , 25.0742 , 61.00
-3.3769 , 0.9461 , -3.3247 , -3.8504 , 1.0948 , 24.6604 , 62.00
-3.1605 , 0.8756 , -3.0599 , -3.6140 , 1.0069 , 24.2537 , 63.00
-2.9439 , 0.8035 , -2.8674 , -3.4030 , 0.9171 , 23.8543 , 64.00
-2.8009 , 0.7402 , -2.8453 , -3.2171 , 0.8262 , 23.4622 , 65.00
-2.6929 , 0.6552 , -2.7544 , -3.0558 , 0.7347 , 23.0772 , 66.00
-2.5972 , 0.5082 , -2.5675 , -2.9182 , 0.6435 , 22.6995 , 67.00
-2.4851 , 0.4736 , -2.4468 , -2.8031 , 0.5532 , 22.3287 , 68.00
-2.4180 , 0.3891 , -2.2620 , -2.7094 , 0.4645 , 21.9650 , 69.00
-2.3289 , 0.2729 , -2.1189 , -2.6355 , 0.3777 , 21.6081 , 70.00
-2.3392 , 0.2013 , -1.9022 , -2.5801 , 0.2935 , 21.2578 , 71.00
-2.3367 , 0.1298 , -1.7512 , -2.5418 , 0.2120 , 20.9141 , 72.00
-2.3123 , -0.0304 , -1.6946 , -2.5194 , 0.1336 , 20.5767 , 73.00
-2.3480 , -0.0353 , -1.6809 , -2.5114 , 0.0582 , 20.2454 , 74.00
-2.3123 , -0.1000 , -1.5223 , -2.5165 , -0.0141 , 19.9201 , 75.00
-2.3661 , -0.1721 , -1.4283 , -2.5335 , -0.0834 , 19.6003 , 76.00
-2.3825 , -0.2676 , -1.3371 , -2.5610 , -0.1499 , 19.2860 , 77.00
-2.4632 , -0.2964 , -1.2630 , -2.5977 , -0.2138 , 18.9769 , 78.00
-2.5419 , -0.3945 , -1.1542 , -2.6421 , -0.2753 , 18.6727 , 79.00
-2.6135 , -0.4471 , -1.0574 , -2.6928 , -0.3344 , 18.3732 , 80.00
-2.6499 , -0.4870 , -0.9925 , -2.7483 , -0.3912 , 18.0782 , 81.00
-2.6812 , -0.5498 , -0.9487 , -2.8070 , -0.4457 , 17.7873 , 82.00
-2.7535 , -0.6106 , -0.8932 , -2.8673 , -0.4977 , 17.5005 , 83.00
-2.8339 , -0.6209 , -0.8421 , -2.9277 , -0.5471 , 17.2174 , 84.00
-2.9058 , -0.6710 , -0.7727 , -2.9867 , -0.5934 , 16.9378 , 85.00
-2.9623 , -0.7121 , -0.7095 , -3.0428 , -0.6362 , 16.6617 , 86.00
-2.9935 , -0.7198 , -0.6708 , -3.0948 , -0.6752 , 16.3887 , 87.00
-3.0294 , -0.7189 , -0.6277 , -3.1414 , -0.7098 , 16.1188 , 88.00
-3.0690 , -0.8117 , -0.6234 , -3.1815 , -0.7396 , 15.8517 , 89.00
-3.1007 , -0.7966 , -0.6214 , -3.2142 , -0.7642 , 15.5875 , 90.00
-3.1439 , -0.8349 , -0.5581 , -3.2389 , -0.7831 , 15.3259 , 91.00
-3.0922 , -0.8493 , -0.5311 , -3.2550 , -0.7961 , 15.0670 , 92.00
-3.1234 , -0.8289 , -0.5248 , -3.2622 , -0.8030 , 14.8106 , 93.00
-3.1253 , -0.8412 , -0.4915 , -3.2601 , -0.8038 , 14.5567 , 94.00
-3.0929 , -0.7964 , -0.4783 , -3.2489 , -0.7985 , 14.3054 , 95.00
-3.0394 , -0.8033 , -0.4877 , -3.2287 , -0.7873 , 14.0565 , 96.00
-3.0241 , -0.8042 , -0.4398 , -3.1995 , -0.7703 , 13.8101 , 97.00
-3.0159 , -0.7841 , -0.3868 , -3.1619 , -0.7481 , 13.5663 , 98.00
-2.9405 , -0.7346 , -0.4520 , -3.1162 , -0.7210 , 13.3251 , 99.00
-2.8605 , -0.6975 , -0.4883 , -3.0629 , -0.6895 , 13.0865 , 100.00
-2.8265 , -0.6383 , -0.4894 , -3.0026 , -0.6541 , 12.8506 , 101.00
-2.7257 , -0.6232 , -0.5004 , -2.9358 , -0.6154 , 12.6174 , 102.00
-2.6663 , -0.5507 , -0.5003 , -2.8633 , -0.5741 , 12.3870 , 103.00
-2.5902 , -0.5107 , -0.4809 , -2.7855 , -0.5305 , 12.1594 , 104.00
-2.5070 , -0.4739 , -0.4698 , -2.7032 , -0.4853 , 11.9348 , 105.00
-2.4419 , -0.4407 , -0.4781 , -2.6171 , -0.4390 , 11.7130 , 106.00
-2.3345 , -0.3782 , -0.5054 , -2.5277 , -0.3921 , 11.4943 , 107.00
-2.2236 , -0.3270 , -0.4950 , -2.4359 , -0.3450 , 11.2786 , 108.00
-2.1487 , -0.2809 , -0.5494 , -2.3422 , -0.2981 , 11.0659 , 109.00
-2.0667 , -0.2217 , -0.6074 , -2.2472 , -0.2518 , 10.8563 , 110.00
-1.9581 , -0.1731 , -0.5601 , -2.1517 , -0.2064 , 10.6498 , 111.00
-1.8601 , -0.1262 , -0.5637 , -2.0562 , -0.1622 , 10.4464 , 112.00
-1.7937 , -0.0840 , -0.5874 , -1.9613 , -0.1194 , 10.2461 , 113.00
-1.6721 , -0.0813 , -0.5608 , -1.8675 , -0.0782 , 10.0489 , 114.00
-1.5974 , -0.0650 , -0.5281 , -1.7753 , -0.0388 , 9.8548 , 115.00
-1.4855 , 0.0068 , -0.5397 , -1.6852 , -0.0013 , 9.6637 , 116.00
-1.4753 , 0.0417 , -0.5325 , -1.5975 , 0.0342 , 9.4757 , 117.00
-1.3474 , 0.0792 , -0.5186 , -1.5127 , 0.0675 , 9.2907 , 118.00
-1.2809 , 0.1385 , -0.5210 , -1.4309 , 0.0988 , 9.1087 , 119.00
-1.2383 , 0.1228 , -0.5292 , -1.3526 , 0.1279 , 8.9296 , 120.00
-1.1223 , 0.1413 , -0.5628 , -1.2777 , 0.1548 , 8.7535 , 121.00
-1.0704 , 0.1302 , -0.5785 , -1.2066 , 0.1796 , 8.5802 , 122.00
-1.0191 , 0.2180 , -0.5514 , -1.1392 , 0.2023 , 8.4098 , 123.00
-0.9481 , 0.2462 , -0.5542 , -1.0756 , 0.2231 , 8.2421 , 124.00
-0.8859 , 0.2137 , -0.5621 , -1.0159 , 0.2419 , 8.0772 , 125.00
-0.8608 , 0.2683 , -0.5567 , -0.9599 , 0.2589 , 7.9150 , 126.00
-0.8185 , 0.2474 , -0.5688 , -0.9076 , 0.2741 , 7.7553 , 127.00
-0.7753 , 0.3111 , -0.4867 , -0.8590 , 0.2878 , 7.5983 , 128.00
-0.6829 , 0.2765 , -0.5263 , -0.8138 , 0.2999 , 7.4438 , 129.00
-0.7157 , 0.3077 , -0.5398 , -0.7719 , 0.3108 , 7.2917 , 130.00
-0.6662 , 0.3327 , -0.4888 , -0.7331 , 0.3204 , 7.1421 , 131.00
-0.6634 , 0.3555 , -0.5000 , -0.6973 , 0.3290 , 6.9949 , 132.00
-0.5888 , 0.3239 , -0.5225 , -0.6643 , 0.3366 , 6.8499 , 133.00
-0.5479 , 0.3582 , -0.5051 , -0.6337 , 0.3435 , 6.7072 , 134.00
-0.5545 , 0.3194 , -0.4741 , -0.6055 , 0.3498 , 6.5668 , 135.00
-0.5324 , 0.3378 , -0.4610 , -0.5793 , 0.3555 , 6.4285 , 136.00
-0.5120 , 0.3195 , -0.4389 , -0.5550 , 0.3610 , 6.2924 , 137.00
-0.4869 , 0.3737 , -0.4560 , -0.5323 , 0.3662 , 6.1583 , 138.00
-0.4661 , 0.3739 , -0.3726 , -0.5111 , 0.3713 , 6.0262 , 139.00
-0.4589 , 0.3434 , -0.3881 , -0.4911 , 0.3764 , 5.8962 , 140.00
-0.4062 , 0.3880 , -0.3895 , -0.4721 , 0.3817 , 5.7681 , 141.00
-0.4489 , 0.3551 , -0.4268 , -0.4539 , 0.3872 , 5.6419 , 142.00
-0.4074 , 0.3418 , -0.4706 , -0.4364 , 0.3930 , 5.5176 , 143.00
-0.4199 , 0.3815 , -0.4720 , -0.4194 , 0.3993 , 5.3951 , 144.00
-0.3945 , 0.4105 , -0.4434 , -0.4028 , 0.4060 , 5.2745 , 145.00
-0.3811 , 0.4036 , -0.4182 , -0.3864 , 0.4133 , 5.1556 , 146.00
-0.3383 , 0.3973 , -0.4213 , -0.3701 , 0.4212 , 5.0385 , 147.00
-0.3327 , 0.4138 , -0.4093 , -0.3538 , 0.4297 , 4.9231 , 148.00
-0.3278 , 0.4571 , -0.3719 , -0.3375 , 0.4389 , 4.8094 , 149.00
-0.2874 , 0.4330 , -0.3779 , -0.3210 , 0.4487 , 4.6974 , 150.00
-0.2684 , 0.4148 , -0.3549 , -0.3043 , 0.4592 , 4.5871 , 151.00
-0.2484 , 0.4333 , -0.3857 , -0.2874 , 0.4704 , 4.4784 , 152.00
-0.2522 , 0.4423 , -0.3675 , -0.2702 , 0.4821 , 4.3713 , 153.00
-0.2284 , 0.4905 , -0.3507 , -0.2527 , 0.4945 , 4.2657 , 154.00
-0.2212 , 0.5158 , -0.3336 , -0.2349 , 0.5074 , 4.1618 , 155.00
-0.1884 , 0.5225 , -0.3181 , -0.2169 , 0.5208 , 4.0594 , 156.00
-0.1975 , 0.5260 , -0.3473 , -0.1985 , 0.5348 , 3.9586 , 157.00
-0.1523 , 0.5735 , -0.3212 , -0.1799 , 0.5491 , 3.8593 , 158.00
-0.1307 , 0.5642 , -0.3016 , -0.1610 , 0.5638 , 3.7616 , 159.00
-0.1426 , 0.5627 , -0.3191 , -0.1420 , 0.5787 , 3.6653 , 160.00
-0.1331 , 0.5849 , -0.2881 , -0.1227 , 0.5939 , 3.5705 , 161.00
-0.1114 , 0.6208 , -0.2859 , -0.1034 , 0.6093 , 3.4772 , 162.00
-0.0964 , 0.6351 , -0.3112 , -0.0839 , 0.6247 , 3.3854 , 163.00
-0.0546 , 0.6243 , -0.3058 , -0.0645 , 0.6402 , 3.2950 , 164.00
0.0190 , 0.6431 , -0.2772 , -0.0450 , 0.6556 , 3.2061 , 165.00
-0.0111 , 0.6729 , -0.2521 , -0.0257 , 0.6710 , 3.1186 , 166.00
0.0153 , 0.7005 , -0.2464 , -0.0064 , 0.6862 , 3.0326 , 167.00
0.0075 , 0.6683 , -0.2264 , 0.0127 , 0.7011 , 2.9479 , 168.00
0.0295 , 0.6974 , -0.2242 , 0.0316 , 0.7158 , 2.8647 , 169.00
0.0399 , 0.7140 , -0.2471 , 0.0502 , 0.7302 , 2.7828 , 170.00
0.1035 , 0.7111 , -0.2599 , 0.0685 , 0.7442 , 2.7023 , 171.00
0.1142 , 0.7601 , -0.2572 , 0.0864 , 0.7579 , 2.6231 , 172.00
0.1152 , 0.7522 , -0.2075 , 0.1039 , 0.7710 , 2.5453 , 173.00
0.0976 , 0.7527 , -0.2500 , 0.1210 , 0.7837 , 2.4689 , 174.00
0.1136 , 0.7810 , -0.2927 , 0.1377 , 0.7959 , 2.3937 , 175.00
0.1711 , 0.8214 , -0.2929 , 0.1538 , 0.8076 , 2.3199 , 176.00
0.1428 , 0.8334 , -0.2495 , 0.1694 , 0.8187 , 2.2474 , 177.00
0.1540 , 0.7651 , -0.2477 , 0.1845 , 0.8293 , 2.1761 , 178.00
0.2159 , 0.8332 , -0.2333 , 0.1990 , 0.8393 , 2.1061 , 179.00
0.2051 , 0.8269 , -0.1672 , 0.2129 , 0.8487 , 2.0374 , 180.00
0.1891 , 0.8584 , -0.0925 , 0.2263 , 0.8576 , 1.9698 , 181.00
0.2250 , 0.8289 , -0.1493 , 0.2390 , 0.8658 , 1.9036 , 182.00
0.2332 , 0.8656 , -0.1486 , 0.2512 , 0.8735 , 1.8385 , 183.00
0.2364 , 0.8902 , -0.1562 , 0.2627 , 0.8806 , 1.7746 , 184.00
0.2348 , 0.8391 , -0.1610 , 0.2737 , 0.8872 , 1.7119 , 185.00
0.2039 , 0.8711 , -0.1765 , 0.2841 , 0.8932 , 1.6503 , 186.00
0.2678 , 0.8978 , -0.1738 , 0.2938 , 0.8987 , 1.5899 , 187.00
0.2904 , 0.8854 , -0.1548 , 0.3031 , 0.9036 , 1.5306 , 188.00
0.2746 , 0.8979 , -0.1368 , 0.3117 , 0.9081 , 1.4724 , 189.00
0.2797 , 0.8913 , -0.1674 , 0.3199 , 0.9121 , 1.4154 , 190.00
0.2850 , 0.8853 , -0.1726 , 0.3275 , 0.9156 , 1.3594 , 191.00
0.2883 , 0.8928 , -0.1666 , 0.3346 , 0.9187 , 1.3045 , 192.00
0.3193 , 0.9042 , -0.1650 , 0.3412 , 0.9214 , 1.2506 , 193.00
0.3324 , 0.9568 , -0.1949 , 0.3474 , 0.9237 , 1.1978 , 194.00
0.3239 , 0.9385 , -0.1576 , 0.3531 , 0.9256 , 1.1459 , 195.00
0.3253 , 0.8729 , -0.1570 , 0.3584 , 0.9272 , 1.0951 , 196.00
0.3345 , 0.9592 , -0.1543 , 0.3633 , 0.9285 , 1.0453 , 197.00
0.3333 , 0.8762 , -0.0967 , 0.3679 , 0.9294 , 0.9965 , 198.00
0.3272 , 0.9393 , -0.0835 , 0.3720 , 0.9301 , 0.9486 , 199.00
0.3561 , 0.9140 , -0.1107 , 0.3759 , 0.9305 , 0.9016 , 200.00
0.3575 , 0.9193 , -0.0667 , 0.3795 , 0.9307 , 0.8556 , 201.00
0.3164 , 0.9476 , -0.1106 , 0.3828 , 0.9306 , 0.8106 , 202.00
0.3352 , 0.8650 , -0.1163 , 0.3858 , 0.9303 , 0.7664 , 203.00
0.3665 , 0.9089 , -0.0864 , 0.3886 , 0.9298 , 0.7231 , 204.00
0.3460 , 0.8884 , -0.0434 , 0.3911 , 0.9291 , 0.6807 , 205.00
0.3289 , 0.9201 , -0.0676 , 0.3934 , 0.9283 , 0.6391 , 206.00
0.3741 , 0.9071 , -0.1091 , 0.3956 , 0.9273 , 0.5984 , 207.00
0.3337 , 0.9017 , -0.0781 , 0.3976 , 0.9261 , 0.5585 , 208.00
0.3430 , 0.9035 , -0.0654 , 0.3994 , 0.9248 , 0.5195 , 209.00
0.3275 , 0.8822 , -0.0818 , 0.4010 , 0.9233 , 0.4812 , 210.00
0.3740 , 0.8950 , -0.0738 , 0.4026 , 0.9217 , 0.4438 , 211.00
0.3842 , 0.8751 , -0.0654 , 0.4040 , 0.9200 , 0.4071 , 212.00
0.3554 , 0.9143 , -0.0761 , 0.4053 , 0.9181 , 0.3712 , 213.00
0.3780 , 0.8637 , -0.0368 , 0.4064 , 0.9162 , 0.3361 , 214.00
0.3618 , 0.8760 , 0.0095 , 0.4075 , 0.9141 , 0.3017 , 215.00
0.3401 , 0.8631 , -0.0377 , 0.4085 , 0.9119 , 0.2680 , 216.00
0.3419 , 0.8763 , -0.0759 , 0.4094 , 0.9095 , 0.2351 , 217.00
0.3318 , 0.8498 , -0.0599 , 0.4102 , 0.9071 , 0.2029 , 218.00
0.3851 , 0.8679 , -0.0453 , 0.4109 , 0.9045 , 0.1714 , 219.00
0.3592 , 0.8707 , 0.0019 , 0.4116 , 0.9018 , 0.1406 , 220.00
0.3872 , 0.8824 , 0.0181 , 0.4122 , 0.8990 , 0.1105 , 221.00
0.3948 , 0.8905 , 0.0007 , 0.4127 , 0.8960 , 0.0810 , 222.00
0.3667 , 0.8819 , -0.0598 , 0.4131 , 0.8929 , 0.0522 , 223.00
0.3610 , 0.9172 , -0.0699 , 0.4135 , 0.8897 , 0.0240 , 224.00
0.3358 , 0.8578 , -0.0293 , 0.4138 , 0.8864 , -0.0035 , 225.00
0.3314 , 0.8648 , -0.0101 , 0.4140 , 0.8829 , -0.0304 , 226.00
0.3638 , 0.8313 , 0.0397 , 0.4142 , 0.8793 , -0.0566 , 227.00
0.3616 , 0.8674 , 0.0190 , 0.4143 , 0.8756 , -0.0823 , 228.00
0.3655 , 0.8612 , 0.0237 , 0.4143 , 0.8717 , -0.1073 , 229.00
0.3468 , 0.8469 , 0.0433 , 0.4143 , 0.8677 , -0.1318 , 230.00
0.3380 , 0.8629 , 0.0035 , 0.4142 , 0.8636 , -0.1557 , 231.00
0.3605 , 0.8104 , -0.0312 , 0.4140 , 0.8593 , -0.1790 , 232.00
0.4082 , 0.8376 , -0.0071 , 0.4137 , 0.8549 , -0.2018 , 233.00
0.3739 , 0.7984 , 0.0157 , 0.4134 , 0.8503 , -0.2240 , 234.00
0.3725 , 0.7810 , 0.0144 , 0.4130 , 0.8456 , -0.2456 , 235.00
0.3539 , 0.8187 , 0.0313 , 0.4125 , 0.8408 , -0.2668 , 236.00
0.3306 , 0.8458 , 0.0310 , 0.4120 , 0.8358 , -0.2874 , 237.00
0.3390 , 0.8093 , 0.0153 , 0.4113 , 0.8307 , -0.3075 , 238.00
0.3481 , 0.8070 , 0.0223 , 0.4106 , 0.8255 , -0.3271 , 239.00
0.3539 , 0.7844 , 0.0220 , 0.4099 , 0.8202 , -0.3462 , 240.00
0.3683 , 0.8071 , 0.0415 , 0.4090 , 0.8147 , -0.3648 , 241.00
0.3159 , 0.8044 , 0.0137 , 0.4081 , 0.8091 , -0.3829 , 242.00
0.3401 , 0.7786 , 0.0340 , 0.4071 , 0.8034 , -0.4005 , 243.00
0.3324 , 0.7951 , 0.0233 , 0.4061 , 0.7976 , -0.4177 , 244.00
0.3754 , 0.7959 , 0.0006 , 0.4050 , 0.7917 , -0.4345 , 245.00
0.3295 , 0.7606 , -0.0164 , 0.4038 , 0.7856 , -0.4508 , 246.00
0.3394 , 0.7109 , -0.0441 , 0.4026 , 0.7795 , -0.4666 , 247.00
0.3230 , 0.6944 , -0.0214 , 0.4013 , 0.7733 , -0.4820 , 248.00
0.3416 , 0.7275 , 0.0472 , 0.3999 , 0.7670 , -0.4970 , 249.00
0.3488 , 0.7090 , 0.0845 , 0.3985 , 0.7606 , -0.5116 , 250.00
0.3662 , 0.6856 , 0.0454 , 0.3970 , 0.7541 , -0.5258 , 251.00
0.3342 , 0.7151 , 0.0269 , 0.3955 , 0.7476 , -0.5396 , 252.00
0.3461 , 0.6899 , 0.0709 , 0.3939 , 0.7410 , -0.5529 , 253.00
0.3453 , 0.7080 , 0.0836 , 0.3923 , 0.7343 , -0.5659 , 254.00
0.3576 , 0.7197 , 0.0906 , 0.3907 , 0.7276 , -0.5786 , 255.00
0.3411 , 0.6720 , 0.0926 , 0.3890 , 0.7209 , -0.5908 , 256.00
0.3147 , 0.6643 , 0.0402 , 0.3872 , 0.7140 , -0.6027 , 257.00
0.3365 , 0.6554 , 0.0126 , 0.3855 , 0.7072 , -0.6143 , 258.00
0.3535 , 0.6783 , 0.0805 , 0.3837 , 0.7003 , -0.6255 , 259.00
0.3400 , 0.6848 , 0.0415 , 0.3819 , 0.6934 , -0.6363 , 260.00
0.3039 , 0.6419 , 0.0709 , 0.3801 , 0.6864 , -0.6468 , 261.00
0.3154 , 0.6651 , 0.1142 , 0.3782 , 0.6794 , -0.6570 , 262.00
0.2927 , 0.6512 , 0.0991 , 0.3763 , 0.6724 , -0.6669 , 263.00
0.3460 , 0.6435 , 0.0820 , 0.3744 , 0.6654 , -0.6765 , 264.00
0.3108 , 0.6689 , 0.0279 , 0.3725 , 0.6584 , -0.6857 , 265.00
0.2744 , 0.6467 , 0.0095 , 0.3706 , 0.6514 , -0.6947 , 266.00
0.3442 , 0.5944 , 0.0536 , 0.3687 , 0.6444 , -0.7033 , 267.00
0.3024 , 0.6182 , 0.0458 , 0.3668 , 0.6373 , -0.7117 , 268.00
0.2661 , 0.6474 , 0.0927 , 0.3649 , 0.6303 , -0.7198 , 269.00
0.2692 , 0.6064 , 0.1153 , 0.3630 , 0.6233 , -0.7276 , 270.00
0.3065 , 0.5810 , 0.1151 , 0.3610 , 0.6163 , -0.7352 , 271.00
0.2707 , 0.5855 , 0.0793 , 0.3591 , 0.6093 , -0.7424 , 272.00
0.3024 , 0.5695 , 0.0945 , 0.3572 , 0.6023 , -0.7495 , 273.00
0.2973 , 0.5968 , 0.0864 , 0.3553 , 0.5953 , -0.7562 , 274.00
0.2652 , 0.5503 , 0.0789 , 0.3534 , 0.5884 , -0.7627 , 275.00
0.2711 , 0.5551 , 0.0730 , 0.3515 , 0.5814 , -0.7690 , 276.00
0.2812 , 0.5570 , 0.0195 , 0.3496 , 0.5745 , -0.7750 , 277.00
0.2961 , 0.5616 , 0.0440 , 0.3478 , 0.5676 , -0.7808 , 278.00
0.2767 , 0.5087 , 0.0705 , 0.3459 , 0.5608 , -0.7864 , 279.00
0.2716 , 0.5049 , 0.0949 , 0.3441 , 0.5539 , -0.7918 , 280.00
0.2557 , 0.5132 , 0.0762 , 0.3422 , 0.5471 , -0.7969 , 281.00
0.2928 , 0.5230 , 0.0719 , 0.3404 , 0.5403 , -0.8018 , 282.00
0.2981 , 0.4740 , 0.0471 , 0.3386 , 0.5336 , -0.8066 , 283.00
0.2225 , 0.5321 , 0.0587 , 0.3368 , 0.5269 , -0.8111 , 284.00
0.2622 , 0.5003 , 0.0788 , 0.3350 , 0.5202 , -0.8154 , 285.00
0.2607 , 0.4892 , 0.0318 , 0.3333 , 0.5135 , -0.8195 , 286.00
0.2203 , 0.4743 , 0.0236 , 0.3315 , 0.5069 , -0.8234 , 287.00
0.2635 , 0.4654 , 0.0061 , 0.3298 , 0.5003 , -0.8272 , 288.00
0.2787 , 0.4938 , 0.0298 , 0.3281 , 0.4938 , -0.8307 , 289.00
0.2690 , 0.4713 , 0.0276 , 0.3264 , 0.4872 , -0.8341 , 290.00
0.2638 , 0.4274 , 0.0488 , 0.3247 , 0.4807 , -0.8373 , 291.00
0.2257 , 0.4612 , 0.0762 , 0.3230 , 0.4743 , -0.8404 , 292.00
0.2460 , 0.4046 , 0.0550 , 0.3214 , 0.4679 , -0.8432 , 293.00
0.2384 , 0.4547 , 0.0261 , 0.3197 , 0.4615 , -0.8460 , 294.00
0.2846 , 0.4000 , 0.0314 , 0.3181 , 0.4552 , -0.8485 , 295.00
0.2497 , 0.4181 , 0.0597 , 0.3164 , 0.4489 , -0.8509 , 296.00
0.2665 , 0.4116 , 0.0377 , 0.3148 , 0.4426 , -0.8532 , 297.00
0.2575 , 0.4044 , 0.0746 , 0.3132 , 0.4364 , -0.8553 , 298.00
0.2589 , 0.3968 , 0.1095 , 0.3116 , 0.4302 , -0.8572 , 299.00
0.2519 , 0.4298 , 0.0810 , 0.3101 , 0.4241 , -0.8591 , 300.00
0.2446 , 0.4304 , 0.0380 , 0.3085 , 0.4180 , -0.8607 , 301.00
0.2581 , 0.3782 , 0.0182 , 0.3070 , 0.4119 , -0.8623 , 302.00
0.2297 , 0.3838 , 0.0317 , 0.3054 , 0.4059 , -0.8637 , 303.00
0.2302 , 0.3711 , 0.0446 , 0.3039 , 0.4000 , -0.8650 , 304.00
0.2570 , 0.4023 , 0.0486 , 0.3024 , 0.3941 , -0.8662 , 305.00
0.2258 , 0.3574 , -0.0125 , 0.3009 , 0.3882 , -0.8672 , 306.00
0.2506 , 0.3752 , -0.0246 , 0.2994 , 0.3823 , -0.8681 , 307.00
0.2604 , 0.3656 , 0.0413 , 0.2979 , 0.3766 , -0.8690 , 308.00
0.2464 , 0.3391 , 0.0250 , 0.2964 , 0.3708 , -0.8697 , 309.00
0.2436 , 0.3525 , 0.0209 , 0.2949 , 0.3651 , -0.8703 , 310.00
0.2219 , 0.3488 , 0.0528 , 0.2934 , 0.3595 , -0.8707 , 311.00
0.2252 , 0.3222 , 0.0616 , 0.2920 , 0.3539 , -0.8711 , 312.00
0.2068 , 0.3138 , 0.0410 , 0.2906 , 0.3484 , -0.8714 , 313.00
0.2443 , 0.2987 , 0.0368 , 0.2891 , 0.3429 , -0.8716 , 314.00
0.2009 , 0.3237 , 0.0209 , 0.2877 , 0.3374 , -0.8717 , 315.00
0.2703 , 0.2799 , 0.0463 , 0.2863 , 0.3320 , -0.8717 , 316.00
0.1998 , 0.3205 , 0.0350 , 0.2849 , 0.3267 , -0.8716 , 317.00
0.1973 , 0.3434 , 0.0075 , 0.2835 , 0.3214 , -0.8714 , 318.00
0.2026 , 0.2892 , 0.0800 , 0.2821 , 0.3162 , -0.8711 , 319.00
0.2443 , 0.3417 , 0.0688 , 0.2807 , 0.3110 , -0.8707 , 320.00
0.2056 , 0.2612 , 0.0206 , 0.2793 , 0.3058 , -0.8703 , 321.00
0.2402 , 0.2787 , 0.0297 , 0.2780 , 0.3008 , -0.8698 , 322.00
0.1904 , 0.2655 , 0.0576 , 0.2766 , 0.2957 , -0.8692 , 323.00
0.1796 , 0.2472 , 0.0841 , 0.2753 , 0.2907 , -0.8685 , 324.00
0.1923 , 0.2817 , 0.0559 , 0.2739 , 0.2858 , -0.8678 , 325.00
0.2330 , 0.2555 , 0.0528 , 0.2726 , 0.2809 , -0.8669 , 326.00
0.2261 , 0.2500 , 0.1020 , 0.2713 , 0.2761 , -0.8661 , 327.00
0.2182 , 0.2330 , 0.0919 , 0.2700 , 0.2714 , -0.8651 , 328.00
0.2094 , 0.2162 , 0.0636 , 0.2687 , 0.2666 , -0.8641 , 329.00
0.1941 , 0.2504 , 0.0324 , 0.2674 , 0.2620 , -0.8630 , 330.00
0.1830 , 0.2135 , 0.0105 , 0.2661 , 0.2574 , -0.8618 , 331.00
0.1982 , 0.2676 , 0.0305 , 0.2648 , 0.2528 , -0.8606 , 332.00
0.2024 , 0.1995 , 0.0661 , 0.2635 , 0.2483 , -0.8594 , 333.00
0.1771 , 0.2226 , 0.0774 , 0.2622 , 0.2439 , -0.8581 , 334.00
0.1807 , 0.2188 , 0.0779 , 0.2610 , 0.2395 , -0.8567 , 335.00
0.1678 , 0.2270 , 0.0749 , 0.2597 , 0.2351 , -0.8553 , 336.00
0.1856 , 0.2406 , 0.0358 , 0.2585 , 0.2308 , -0.8538 , 337.00
0.1790 , 0.1871 , 0.0547 , 0.2572 , 0.2266 , -0.8522 , 338.00
0.1803 , 0.2213 , 0.0810 , 0.2560 , 0.2224 , -0.8507 , 339.00
0.1965 , 0.1540 , 0.1083 , 0.2548 , 0.2182 , -0.8490 , 340.00
0.1723 , 0.2076 , 0.1203 , 0.2536 , 0.2142 , -0.8474 , 341.00
0.1819 , 0.1927 , 0.0771 , 0.2523 , 0.2101 , -0.8457 , 342.00
0.1793 , 0.1785 , 0.0652 , 0.2511 , 0.2061 , -0.8439 , 343.00
0.1122 , 0.1849 , 0.0371 , 0.2499 , 0.2022 , -0.8421 , 344.00
0.2032 , 0.2011 , -0.0150 , 0.2487 , 0.1983 , -0.8403 , 345.00
0.2047 , 0.1758 , -0.0265 , 0.2475 , 0.1945 , -0.8384 , 346.00
0.1593 , 0.1666 , 0.0467 , 0.2463 , 0.1907 , -0.8365 , 347.00
0.1619 , 0.1696 , 0.0768 , 0.2452 , 0.1869 , -0.8345 , 348.00
0.1412 , 0.2118 , 0.0302 , 0.2440 , 0.1832 , -0.8325 , 349.00
0.1875 , 0.1679 , -0.0026 , 0.2428 , 0.1796 , -0.8305 , 350.00
0.2012 , 0.0998 , 0.0514 , 0.2416 , 0.1760 , -0.8285 , 351.00
0.1689 , 0.1524 , 0.0780 , 0.2405 , 0.1724 , -0.8264 , 352.00
0.1762 , 0.1345 , 0.0764 , 0.2393 , 0.1689 , -0.8243 , 353.00
0.1743 , 0.1602 , 0.0641 , 0.2382 , 0.1655 , -0.8221 , 354.00
0.2077 , 0.1243 , 0.0487 , 0.2370 , 0.1620 , -0.8199 , 355.00
0.1930 , 0.1234 , 0.0564 , 0.2358 , 0.1587 , -0.8177 , 356.00
0.1740 , 0.1496 , 0.0771 , 0.2347 , 0.1554 , -0.8155 , 357.00
0.1828 , 0.1432 , 0.0885 , 0.2336 , 0.1521 , -0.8133 , 358.00
0.1497 , 0.1500 , 0.0778 , 0.2324 , 0.1488 , -0.8110 , 359.00
0.1652 , 0.1656 , 0.0855 , 0.2313 , 0.1456 , -0.8087 , 360.00
0.1730 , 0.1182 , 0.0525 , 0.2301 , 0.1425 , -0.8064 , 361.00
0.1462 , 0.1872 , 0.0491 , 0.2290 , 0.1394 , -0.8040 , 362.00
0.1695 , 0.0881 , 0.0680 , 0.2279 , 0.1363 , -0.8016 , 363.00
0.1551 , 0.1547 , 0.0747 , 0.2267 , 0.1333 , -0.7993 , 364.00
0.1600 , 0.1292 , 0.0562 , 0.2256 , 0.1303 , -0.7969 , 365.00
0.1504 , 0.0914 , 0.0251 , 0.2245 , 0.1274 , -0.7944 , 366.00
0.1674 , 0.1475 , 0.0591 , 0.2234 , 0.1245 , -0.7920 , 367.00
0.1867 , 0.0892 , 0.0377 , 0.2222 , 0.1216 , -0.7895 , 368.00
0.1580 , 0.1209 , 0.0573 , 0.2211 , 0.1188 , -0.7871 , 369.00
0.1488 , 0.0993 , 0.0525 , 0.2200 , 0.1160 , -0.7846 , 370.00
0.1485 , 0.0820 , 0.0585 , 0.2189 , 0.1133 , -0.7821 , 371.00
0.1670 , 0.0710 , 0.0354 , 0.2177 , 0.1106 , -0.7796 , 372.00
0.1527 , 0.0793 , 0.0164 , 0.2166 , 0.1079 , -0.7770 , 373.00
0.1951 , 0.0795 , 0.0683 , 0.2155 , 0.1053 , -0.7745 , 374.00
0.1635 , 0.0664 , 0.0627 , 0.2144 , 0.1027 , -0.7719 , 375.00
0.1616 , 0.0748 , 0.0777 , 0.2133 , 0.1001 , -0.7694 , 376.00
0.1603 , 0.0995 , 0.0768 , 0.2122 , 0.0976 , -0.7668 , 377.00
0.1690 , 0.1054 , 0.0733 , 0.2111 , 0.0952 , -0.7642 , 378.00
0.1455 , 0.0597 , 0.0566 , 0.2099 , 0.0927 , -0.7616 , 379.00
0.1155 , 0.0786 , 0.0999 , 0.2088 , 0.0903 , -0.7590 , 380.00
0.1349 , 0.0876 , 0.0982 , 0.2077 , 0.0879 , -0.7564 , 381.00
0.1288 , 0.0505 , 0.1029 , 0.2066 , 0.0856 , -0.7538 , 382.00
0.1367 , 0.0334 , 0.0599 , 0.2055 , 0.0833 , -0.7512 , 383.00
0.1476 , 0.0541 , 0.0308 , 0.2044 , 0.0810 , -0.7486 , 384.00
0.1572 , 0.0963 , 0.0758 , 0.2033 , 0.0788 , -0.7459 , 385.00
0.1244 , 0.0825 , 0.0953 , 0.2022 , 0.0766 , -0.7433 , 386.00
0.1714 , 0.0489 , 0.1065 , 0.2011 , 0.0744 , -0.7407 , 387.00
0.1352 , 0.0581 , 0.0721 , 0.2000 , 0.0723 , -0.7380 , 388.00
0.1506 , 0.0575 , 0.0204 , 0.1989 , 0.0702 , -0.7354 , 389.00
0.1390 , 0.0776 , 0.0010 , 0.1978 , 0.0681 , -0.7327 , 390.00
0.1005 , 0.0397 , 0.0593 , 0.1967 , 0.0660 , -0.7300 , 391.00
0.1047 , 0.0440 , 0.0779 , 0.1956 , 0.0640 , -0.7274 , 392.00
0.0935 , 0.0522 , 0.1348 , 0.1945 , 0.0621 , -0.7247 , 393.00
0.0920 , 0.0187 , 0.0958 , 0.1934 , 0.0601 , -0.7221 , 394.00
0.1043 , 0.0509 , 0.0780 , 0.1923 , 0.0582 , -0.7194 , 395.00
0.1410 , 0.0122 , 0.0576 , 0.1912 , 0.0563 , -0.7167 , 396.00
0.1328 , 0.0558 , 0.0278 , 0.1901 , 0.0544 , -0.7141 , 397.00
0.0978 , 0.0746 , 0.0143 , 0.1890 , 0.0526 , -0.7114 , 398.00
0.1325 , -0.0141 , 0.0438 , 0.1879 , 0.0508 , -0.7087 , 399.00
0.1122 , 0.0288 , 0.0518 , 0.1868 , 0.0490 , -0.7061 , 400.00
0.1340 , 0.0527 , 0.0640 , 0.1857 , 0.0472 , -0.7034 , 401.00
0.1181 , 0.0264 , 0.0675 , 0.1846 , 0.0455 , -0.7007 , 402.00
0.1364 , 0.0221 , 0.0781 , 0.1835 , 0.0438 , -0.6981 , 403.00
0.1239 , 0.0534 , 0.0532 , 0.1824 , 0.0421 , -0.6954 , 404.00
0.1340 , 0.0618 , 0.0706 , 0.1813 , 0.0405 , -0.6928 , 405.00
0.1284 , 0.0284 , 0.0815 , 0.1802 , 0.0389 , -0.6901 , 406.00
0.1322 , 0.0349 , 0.0730 , 0.1791 , 0.0373 , -0.6874 , 407.00
0.1171 , 0.0381 , 0.0606 , 0.1780 , 0.0357 , -0.6848 , 408.00
0.0698 , 0.0104 , 0.0013 , 0.1770 , 0.0342 , -0.6822 , 409.00
0.0972 , 0.0007 , 0.0003 , 0.1759 , 0.0327 , -0.6795 , 410.00
0.1256 , 0.0097 , 0.0600 , 0.1748 , 0.0312 , -0.6769 , 411.00
0.1021 , 0.0531 , 0.0618 , 0.1737 , 0.0297 , -0.6742 , 412.00
0.1035 , 0.0133 , 0.0624 , 0.1726 , 0.0282 , -0.6716 , 413.00
0.0762 , -0.0040 , 0.0791 , 0.1715 , 0.0268 , -0.6690 , 414.00
0.1045 , 0.0493 , 0.0892 , 0.1705 , 0.0254 , -0.6664 , 415.00
0.0919 , -0.0013 , 0.0750 , 0.1694 , 0.0240 , -0.6638 , 416.00
0.1382 , -0.0116 , 0.0859 , 0.1683 , 0.0227 , -0.6612 , 417.00
0.1297 , 0.0256 , 0.0853 , 0.1672 , 0.0213 , -0.6586 , 418.00
0.0775 , -0.0147 , 0.1049 , 0.1662 , 0.0200 , -0.6560 , 419.00
0.1037 , 0.0444 , 0.1106 , 0.1651 , 0.0187 , -0.6534 , 420.00
0.1307 , -0.0094 , 0.0770 , 0.1640 , 0.0174 , -0.6508 , 421.00
0.0889 , -0.0281 , 0.0665 , 0.1630 , 0.0162 , -0.6482 , 422.00
0.1138 , -0.0056 , 0.1022 , 0.1619 , 0.0150 , -0.6457 , 423.00
0.0704 , -0.0373 , 0.0820 , 0.1608 , 0.0137 , -0.6431 , 424.00
0.0599 , 0.0309 , 0.1041 , 0.1598 , 0.0126 , -0.6406 , 425.00
0.1000 , -0.0367 , 0.1323 , 0.1587 , 0.0114 , -0.6380 , 426.00
0.0807 , 0.0344 , 0.1123 , 0.1576 , 0.0102 , -0.6355 , 427.00
0.1273 , 0.0168 , 0.0793 , 0.1566 , 0.0091 , -0.6329 , 428.00
0.0657 , 0.0390 , 0.0230 , 0.1555 , 0.0080 , -0.6304 , 429.00
0.1261 , 0.0025 , 0.0623 , 0.1545 , 0.0069 , -0.6279 , 430.00
0.0830 , 0.0366 , 0.0194 , 0.1534 , 0.0058 , -0.6254 , 431.00
0.1161 , -0.0098 , 0.0077 , 0.1524 , 0.0047 , -0.6229 , 432.00
0.0567 , -0.0161 , 0.0642 , 0.1513 , 0.0037 , -0.6204 , 433.00
0.1190 , -0.0200 , 0.1269 , 0.1503 , 0.0027 , -0.6179 , 434.00
0.1396 , -0.0114 , 0.0970 , 0.1493 , 0.0017 , -0.6155 , 435.00
0.1013 , 0.0066 , 0.0807 , 0.1482 , 0.0007 , -0.6130 , 436.00
0.0656 , -0.0057 , 0.0563 , 0.1472 , -0.0003 , -0.6106 , 437.00
0.1267 , 0.0267 , 0.1010 , 0.1461 , -0.0013 , -0.6081 , 438.00
0.1194 , 0.0361 , 0.1164 , 0.1451 , -0.0022 , -0.6057 , 439.00
0.1009 , -0.0821 , 0.1068 , 0.1441 , -0.0031 , -0.6033 , 440.00
0.0831 , 0.0091 , 0.1515 , 0.1431 , -0.0040 , -0.6008 , 441.00
0.0752 , -0.0317 , 0.1234 , 0.1420 , -0.0049 , -0.5984 , 442.00
0.0732 , -0.0386 , 0.1042 , 0.1410 , -0.0058 , -0.5960 , 443.00
0.0862 , -0.0084 , 0.0544 , 0.1400 , -0.0067 , -0.5937 , 444.00
0.0779 , -0.0212 , 0.0011 , 0.1390 , -0.0075 , -0.5913 , 445.00
0.0601 , 0.0181 , 0.0325 , 0.1380 , -0.0084 , -0.5889 , 446.00
0.0975 , -0.0407 , 0.0631 , 0.1370 , -0.0092 , -0.5866 , 447.00
0.0627 , -0.0229 , 0.1017 , 0.1359 , -0.0100 , -0.5842 , 448.00
0.0718 , -0.0261 , 0.0721 , 0.1349 , -0.0108 , -0.5819 , 449.00
0.0847 , -0.0663 , 0.0265 , 0.1339 , -0.0115 , -0.5796 , 450.00
0.0789 , -0.0174 , 0.0298 , 0.1330 , -0.0123 , -0.5773 , 451.00
0.0794 , -0.0248 , 0.0725 , 0.1320 , -0.0130 , -0.5750 , 452.00
0.0690 , -0.0348 , 0.0516 , 0.1310 , -0.0138 , -0.5727 , 453.00
0.0771 , -0.0166 , 0.0820 , 0.1300 , -0.0145 , -0.5704 , 454.00
0.0709 , -0.0109 , 0.0463 , 0.1290 , -0.0152 , -0.5681 , 455.00
0.0736 , 0.0031 , -0.0068 , 0.1280 , -0.0159 , -0.5659 , 456.00
0.0761 , -0.0405 , 0.0284 , 0.1270 , -0.0166 , -0.5636 , 457.00
0.0464 , -0.0149 , 0.0770 , 0.1261 , -0.0172 , -0.5614 , 458.00
0.0686 , -0.0218 , 0.1146 , 0.1251 , -0.0179 , -0.5592 , 459.00
0.0415 , -0.0031 , 0.0751 , 0.1241 , -0.0185 , -0.5569 , 460.00
0.0557 , -0.0463 , 0.0540 , 0.1232 , -0.0192 , -0.5547 , 461.00
0.0676 , -0.0156 , 0.0729 , 0.1222 , -0.0198 , -0.5526 , 462.00
0.0513 , 0.0282 , 0.0305 , 0.1213 , -0.0204 , -0.5504 , 463.00
0.0292 , -0.0828 , -0.0120 , 0.1203 , -0.0210 , -0.5482 , 464.00
0.0729 , -0.0611 , 0.0430 , 0.1194 , -0.0216 , -0.5461 , 465.00
0.0319 , -0.0674 , 0.0773 , 0.1184 , -0.0221 , -0.5439 , 466.00
0.0396 , -0.0465 , 0.0708 , 0.1175 , -0.0227 , -0.5418 , 467.00
0.0562 , -0.0498 , 0.0607 , 0.1165 , -0.0233 , -0.5397 , 468.00
0.0685 , -0.0698 , 0.0876 , 0.1156 , -0.0238 , -0.5376 , 469.00
0.0356 , -0.0304 , 0.0826 , 0.1147 , -0.0243 , -0.5355 , 470.00
0.0635 , -0.0571 , 0.0508 , 0.1138 , -0.0248 , -0.5334 , 471.00
0.0881 , -0.0606 , 0.0689 , 0.1128 , -0.0253 , -0.5313 , 472.00
0.0298 , -0.0296 , 0.0595 , 0.1119 , -0.0258 , -0.5292 , 473.00
0.0516 , -0.0090 , 0.0428 , 0.1110 , -0.0263 , -0.5272 , 474.00
0.0894 , -0.0474 , 0.0628 , 0.1101 , -0.0268 , -0.5251 , 475.00
0.0679 , -0.0787 , 0.0410 , 0.1092 , -0.0273 , -0.5231 , 476.00
0.0792 , -0.0183 , 0.0477 , 0.1083 , -0.0277 , -0.5211 , 477.00
0.0533 , -0.0068 , 0.0486 , 0.1074 , -0.0282 , -0.5191 , 478.00
0.1000 , -0.0497 , 0.0461 , 0.1065 , -0.0286 , -0.5171 , 479.00
0.0443 , -0.0286 , 0.0335 , 0.1056 , -0.0290 , -0.5151 , 480.00
0.0355 , -0.0597 , 0.0322 , 0.1048 , -0.0295 , -0.5132 , 481.00
0.0339 , -0.0405 , 0.0033 , 0.1039 , -0.0299 , -0.5112 , 482.00
0.0285 , -0.0166 , 0.0113 , 0.1030 , -0.0303 , -0.5093 , 483.00
0.0621 , -0.0664 , 0.0601 , 0.1021 , -0.0307 , -0.5073 , 484.00
0.0321 , -0.0669 , 0.0276 , 0.1013 , -0.0310 , -0.5054 , 485.00
0.0726 , -0.0553 , 0.0362 , 0.1004 , -0.0314 , -0.5035 , 486.00
0.0245 , -0.0571 , 0.0524 , 0.0996 , -0.0318 , -0.5016 , 487.00
0.0145 , -0.0655 , 0.0508 , 0.0987 , -0.0321 , -0.4997 , 488.00
0.0138 , -0.0090 , 0.0590 , 0.0979 , -0.0325 , -0.4979 , 489.00
0.0298 , -0.0823 , 0.0810 , 0.0970 , -0.0328 , -0.4960 , 490.00
-0.0036 , -0.0040 , 0.1025 , 0.0962 , -0.0331 , -0.4942 , 491.00
0.0004 , -0.0401 , 0.1119 , 0.0954 , -0.0335 , -0.4923 , 492.00
0.0814 , -0.0427 , 0.1139 , 0.0945 , -0.0338 , -0.4905 , 493.00
0.0327 , -0.0419 , 0.0643 , 0.0937 , -0.0341 , -0.4887 , 494.00
0.0093 , -0.0749 , 0.0173 , 0.0929 , -0.0344 , -0.4869 , 495.00
0.0518 , -0.0337 , 0.0550 , 0.0921 , -0.0347 , -0.4851 , 496.00
0.0709 , 0.0146 , 0.0599 , 0.0913 , -0.0350 , -0.4833 , 497.00
0.0148 , -0.0486 , 0.0455 , 0.0905 , -0.0352 , -0.4816 , 498.00
0.0213 , -0.0387 , 0.0255 , 0.0897 , -0.0355 , -0.4798 , 499.00
-0.1703 , -0.0786 , -1.1418 , 0.0000 , -0.0000 , 0.0000 , 500.00
0.1928 , 0.0097 , 0.0095 , 0.0897 , 0.0020 , -0.0007 , 501.00
0.5620 , -0.0020 , -0.0367 , 0.3178 , 0.0088 , -0.0021 , 502.00
0.9330 , -0.0100 , 0.0118 , 0.6376 , 0.0110 , -0.0039 , 503.00
1.3545 , 0.0243 , 0.0188 , 1.0180 , 0.0182 , -0.0059 , 504.00
1.7703 , 0.0999 , 0.0170 , 1.4221 , 0.0542 , -0.0080 , 505.00
2.1984 , 0.1457 , 0.0291 , 1.8326 , 0.1124 , -0.0101 , 506.00
2.5505 , 0.2476 , 0.0328 , 2.2279 , 0.1863 , -0.0120 , 507.00
2.8609 , 0.3091 , 0.0320 , 2.5894 , 0.2687 , -0.0141 , 508.00
3.1411 , 0.3889 , 0.0519 , 2.9081 , 0.3516 , -0.0170 , 509.00
3.3494 , 0.4719 , 0.0162 , 3.1781 , 0.4300 , -0.0212 , 510.00
3.5375 , 0.5194 , 0.0488 , 3.4013 , 0.4998 , -0.0268 , 511.00
3.6550 , 0.5685 , 0.0119 , 3.5782 , 0.5629 , -0.0337 , 512.00
3.7629 , 0.5985 , 0.0539 , 3.7113 , 0.6158 , -0.0418 , 513.00
3.7941 , 0.6681 , 0.0696 , 3.8035 , 0.6585 , -0.0511 , 514.00
3.8477 , 0.6722 , 0.0127 , 3.8576 , 0.6908 , -0.0612 , 515.00
3.8123 , 0.6759 , 0.0185 , 3.8771 , 0.7138 , -0.0717 , 516.00
3.7462 , 0.6536 , 0.0179 , 3.8632 , 0.7295 , -0.0823 , 517.00
3.6955 , 0.7190 , -0.0014 , 3.8197 , 0.7372 , -0.0930 , 518.00
