0.8862 , -0.2098 , 0.1803 , -0.3716 , 0.8308 , -0.2119 , 0.2269 , -0.4619 , 0.00
0.8904 , -0.2324 , 0.1877 , -0.3434 , 0.8316 , -0.2112 , 0.2248 , -0.4620 , 0.01
0.9449 , -0.2957 , 0.0519 , 0.1306 , 0.8338 , -0.2088 , 0.2184 , -0.4621 , 0.02
0.9450 , -0.2885 , 0.0370 , 0.1494 , 0.8372 , -0.2046 , 0.2082 , -0.4624 , 0.03
0.9454 , -0.2743 , 0.0247 , 0.1744 , 0.8417 , -0.1985 , 0.1945 , -0.4629 , 0.04
0.9463 , -0.2556 , 0.0111 , 0.1977 , 0.8470 , -0.1901 , 0.1778 , -0.4634 , 0.05
0.9464 , -0.2338 , -0.0039 , 0.2227 , 0.8528 , -0.1794 , 0.1585 , -0.4640 , 0.06
0.9416 , -0.2115 , -0.0208 , 0.2612 , 0.8589 , -0.1663 , 0.1372 , -0.4646 , 0.07
0.9369 , -0.1834 , -0.0350 , 0.2956 , 0.8648 , -0.1509 , 0.1144 , -0.4651 , 0.08
0.9267 , -0.1522 , -0.0433 , 0.3410 , 0.8704 , -0.1333 , 0.0904 , -0.4652 , 0.09
0.9090 , -0.1201 , -0.0524 , 0.3957 , 0.8755 , -0.1140 , 0.0660 , -0.4650 , 0.10
0.8852 , -0.0874 , -0.0575 , 0.4533 , 0.8798 , -0.0933 , 0.0419 , -0.4643 , 0.11
0.8638 , -0.0518 , -0.0539 , 0.4982 , 0.8832 , -0.0715 , 0.0186 , -0.4631 , 0.12
0.8409 , -0.0169 , -0.0485 , 0.5387 , 0.8858 , -0.0489 , -0.0033 , -0.4614 , 0.13
0.8153 , 0.0161 , -0.0341 , 0.5778 , 0.8877 , -0.0261 , -0.0232 , -0.4592 , 0.14
0.7683 , 0.0435 , -0.0188 , 0.6384 , 0.8888 , -0.0034 , -0.0409 , -0.4565 , 0.15
0.7023 , 0.0639 , -0.0008 , 0.7090 , 0.8893 , 0.0184 , -0.0563 , -0.4535 , 0.16
0.6467 , 0.0800 , 0.0220 , 0.7582 , 0.8895 , 0.0388 , -0.0691 , -0.4501 , 0.17
0.6017 , 0.0931 , 0.0443 , 0.7921 , 0.8894 , 0.0577 , -0.0794 , -0.4465 , 0.18
0.5402 , 0.1002 , 0.0655 , 0.8330 , 0.8893 , 0.0749 , -0.0872 , -0.4427 , 0.19
0.4772 , 0.1005 , 0.0865 , 0.8687 , 0.8892 , 0.0902 , -0.0927 , -0.4388 , 0.20
0.4178 , 0.0969 , 0.1044 , 0.8973 , 0.8893 , 0.1036 , -0.0959 , -0.4349 , 0.21
0.3803 , 0.0946 , 0.1207 , 0.9120 , 0.8898 , 0.1150 , -0.0971 , -0.4309 , 0.22
0.3413 , 0.0906 , 0.1313 , 0.9263 , 0.8905 , 0.1243 , -0.0964 , -0.4270 , 0.23
0.3073 , 0.0796 , 0.1423 , 0.9375 , 0.8916 , 0.1314 , -0.0941 , -0.4230 , 0.24
0.2905 , 0.0763 , 0.1477 , 0.9423 , 0.8931 , 0.1364 , -0.0904 , -0.4192 , 0.25
0.2840 , 0.0718 , 0.1528 , 0.9438 , 0.8949 , 0.1391 , -0.0855 , -0.4154 , 0.26
0.2806 , 0.0680 , 0.1531 , 0.9451 , 0.8971 , 0.1395 , -0.0797 , -0.4117 , 0.27
0.2752 , 0.0635 , 0.1519 , 0.9472 , 0.8995 , 0.1378 , -0.0734 , -0.4080 , 0.28
0.2694 , 0.0581 , 0.1475 , 0.9499 , 0.9022 , 0.1342 , -0.0669 , -0.4045 , 0.29
0.2590 , 0.0524 , 0.1426 , 0.9539 , 0.9049 , 0.1290 , -0.0608 , -0.4010 , 0.30
0.2500 , 0.0494 , 0.1341 , 0.9576 , 0.9077 , 0.1225 , -0.0555 , -0.3975 , 0.31
0.2438 , 0.0447 , 0.1242 , 0.9608 , 0.9104 , 0.1149 , -0.0515 , -0.3941 , 0.32
0.2292 , 0.0392 , 0.1171 , 0.9655 , 0.9130 , 0.1067 , -0.0491 , -0.3907 , 0.33
0.2011 , 0.0356 , 0.1095 , 0.9728 , 0.9154 , 0.0982 , -0.0483 , -0.3873 , 0.34
0.1646 , 0.0330 , 0.1007 , 0.9807 , 0.9177 , 0.0899 , -0.0491 , -0.3838 , 0.35
0.1274 , 0.0329 , 0.0939 , 0.9868 , 0.9198 , 0.0820 , -0.0515 , -0.3802 , 0.36
0.0685 , 0.0310 , 0.0890 , 0.9932 , 0.9218 , 0.0748 , -0.0551 , -0.3764 , 0.37
0.0298 , 0.0359 , 0.0858 , 0.9952 , 0.9236 , 0.0684 , -0.0598 , -0.3725 , 0.38
-0.0247 , 0.0368 , 0.0870 , 0.9952 , 0.9253 , 0.0628 , -0.0652 , -0.3683 , 0.39
-0.0671 , 0.0410 , 0.0888 , 0.9929 , 0.9269 , 0.0581 , -0.0710 , -0.3639 , 0.40
-0.1032 , 0.0483 , 0.0857 , 0.9898 , 0.9285 , 0.0544 , -0.0770 , -0.3592 , 0.41
-0.1380 , 0.0530 , 0.0885 , 0.9850 , 0.9301 , 0.0516 , -0.0826 , -0.3543 , 0.42
-0.1646 , 0.0586 , 0.0921 , 0.9803 , 0.9317 , 0.0498 , -0.0875 , -0.3491 , 0.43
-0.2067 , 0.0557 , 0.0937 , 0.9723 , 0.9333 , 0.0486 , -0.0915 , -0.3437 , 0.44
-0.2376 , 0.0555 , 0.0952 , 0.9651 , 0.9351 , 0.0479 , -0.0943 , -0.3382 , 0.45
-0.2624 , 0.0557 , 0.0959 , 0.9586 , 0.9370 , 0.0474 , -0.0958 , -0.3325 , 0.46
-0.2853 , 0.0521 , 0.0972 , 0.9521 , 0.9391 , 0.0468 , -0.0961 , -0.3267 , 0.47
-0.3023 , 0.0512 , 0.0964 , 0.9469 , 0.9412 , 0.0458 , -0.0951 , -0.3209 , 0.48
-0.3168 , 0.0522 , 0.0938 , 0.9424 , 0.9435 , 0.0442 , -0.0933 , -0.3150 , 0.49
-0.3286 , 0.0503 , 0.0946 , 0.9384 , 0.9457 , 0.0419 , -0.0910 , -0.3092 , 0.50
-0.3404 , 0.0497 , 0.0901 , 0.9346 , 0.9480 , 0.0387 , -0.0885 , -0.3034 , 0.51
-0.3522 , 0.0500 , 0.0846 , 0.9308 , 0.9502 , 0.0347 , -0.0860 , -0.2976 , 0.52
-0.3649 , 0.0492 , 0.0805 , 0.9263 , 0.9523 , 0.0301 , -0.0837 , -0.2919 , 0.53
-0.3774 , 0.0501 , 0.0773 , 0.9214 , 0.9543 , 0.0250 , -0.0819 , -0.2862 , 0.54
-0.3914 , 0.0518 , 0.0742 , 0.9157 , 0.9562 , 0.0195 , -0.0807 , -0.2805 , 0.55
-0.4097 , 0.0528 , 0.0654 , 0.9083 , 0.9580 , 0.0138 , -0.0801 , -0.2748 , 0.56
-0.4196 , 0.0605 , 0.0632 , 0.9035 , 0.9597 , 0.0081 , -0.0801 , -0.2691 , 0.57
-0.4390 , 0.0622 , 0.0570 , 0.8945 , 0.9613 , 0.0027 , -0.0808 , -0.2634 , 0.58
-0.4535 , 0.0666 , 0.0562 , 0.8870 , 0.9628 , -0.0024 , -0.0820 , -0.2576 , 0.59
-0.4747 , 0.0682 , 0.0515 , 0.8760 , 0.9641 , -0.0069 , -0.0837 , -0.2518 , 0.60
-0.4933 , 0.0685 , 0.0549 , 0.8654 , 0.9654 , -0.0106 , -0.0856 , -0.2460 , 0.61
-0.5081 , 0.0724 , 0.0569 , 0.8564 , 0.9667 , -0.0136 , -0.0875 , -0.2401 , 0.62
-0.5221 , 0.0785 , 0.0571 , 0.8474 , 0.9680 , -0.0157 , -0.0892 , -0.2342 , 0.63
-0.5393 , 0.0790 , 0.0578 , 0.8364 , 0.9692 , -0.0170 , -0.0906 , -0.2283 , 0.64
-0.5533 , 0.0808 , 0.0603 , 0.8269 , 0.9705 , -0.0173 , -0.0916 , -0.2224 , 0.65
-0.5696 , 0.0799 , 0.0615 , 0.8157 , 0.9718 , -0.0170 , -0.0922 , -0.2165 , 0.66
-0.5838 , 0.0756 , 0.0645 , 0.8058 , 0.9731 , -0.0160 , -0.0922 , -0.2107 , 0.67
-0.5999 , 0.0751 , 0.0637 , 0.7940 , 0.9743 , -0.0145 , -0.0918 , -0.2050 , 0.68
-0.6134 , 0.0712 , 0.0657 , 0.7838 , 0.9756 , -0.0127 , -0.0910 , -0.1994 , 0.69
-0.6251 , 0.0693 , 0.0684 , 0.7744 , 0.9769 , -0.0105 , -0.0898 , -0.1939 , 0.70
-0.6370 , 0.0670 , 0.0693 , 0.7649 , 0.9781 , -0.0082 , -0.0882 , -0.1885 , 0.71
-0.6518 , 0.0618 , 0.0663 , 0.7530 , 0.9793 , -0.0057 , -0.0863 , -0.1832 , 0.72
-0.6617 , 0.0567 , 0.0689 , 0.7445 , 0.9804 , -0.0031 , -0.0842 , -0.1780 , 0.73
-0.6735 , 0.0528 , 0.0681 , 0.7342 , 0.9815 , -0.0005 , -0.0818 , -0.1730 , 0.74
-0.6807 , 0.0497 , 0.0714 , 0.7273 , 0.9826 , 0.0021 , -0.0792 , -0.1681 , 0.75
-0.6933 , 0.0407 , 0.0679 , 0.7163 , 0.9836 , 0.0046 , -0.0764 , -0.1634 , 0.76
-0.7029 , 0.0396 , 0.0669 , 0.7070 , 0.9846 , 0.0070 , -0.0735 , -0.1588 , 0.77
-0.7097 , 0.0363 , 0.0694 , 0.7001 , 0.9855 , 0.0093 , -0.0704 , -0.1543 , 0.78
-0.7172 , 0.0326 , 0.0696 , 0.6926 , 0.9863 , 0.0113 , -0.0673 , -0.1500 , 0.79
-0.7265 , 0.0277 , 0.0667 , 0.6834 , 0.9872 , 0.0132 , -0.0640 , -0.1458 , 0.80
-0.7329 , 0.0242 , 0.0652 , 0.6768 , 0.9879 , 0.0148 , -0.0608 , -0.1418 , 0.81
-0.7385 , 0.0217 , 0.0645 , 0.6709 , 0.9887 , 0.0162 , -0.0575 , -0.1378 , 0.82
-0.7436 , 0.0185 , 0.0628 , 0.6654 , 0.9893 , 0.0173 , -0.0542 , -0.1341 , 0.83
-0.7479 , 0.0155 , 0.0614 , 0.6608 , 0.9900 , 0.0182 , -0.0509 , -0.1304 , 0.84
-0.7517 , 0.0132 , 0.0608 , 0.6566 , 0.9906 , 0.0189 , -0.0477 , -0.1269 , 0.85
-0.7545 , 0.0104 , 0.0559 , 0.6538 , 0.9911 , 0.0194 , -0.0445 , -0.1235 , 0.86
-0.7568 , 0.0101 , 0.0535 , 0.6514 , 0.9917 , 0.0198 , -0.0415 , -0.1203 , 0.87
-0.7595 , 0.0092 , 0.0521 , 0.6484 , 0.9922 , 0.0200 , -0.0385 , -0.1171 , 0.88
-0.7616 , 0.0063 , 0.0504 , 0.6460 , 0.9926 , 0.0201 , -0.0356 , -0.1141 , 0.89
-0.7640 , 0.0051 , 0.0478 , 0.6434 , 0.9931 , 0.0202 , -0.0328 , -0.1111 , 0.90
-0.7665 , 0.0044 , 0.0448 , 0.6406 , 0.9935 , 0.0203 , -0.0301 , -0.1083 , 0.91
-0.7680 , 0.0023 , 0.0443 , 0.6389 , 0.9938 , 0.0204 , -0.0276 , -0.1056 , 0.92
-0.7698 , 0.0009 , 0.0440 , 0.6367 , 0.9942 , 0.0205 , -0.0252 , -0.1029 , 0.93
-0.7718 , -0.0006 , 0.0414 , 0.6345 , 0.9945 , 0.0206 , -0.0228 , -0.1004 , 0.94
-0.7741 , -0.0019 , 0.0404 , 0.6318 , 0.9948 , 0.0209 , -0.0206 , -0.0980 , 0.95
-0.7772 , -0.0036 , 0.0373 , 0.6282 , 0.9950 , 0.0212 , -0.0184 , -0.0956 , 0.96
-0.7801 , -0.0062 , 0.0352 , 0.6246 , 0.9953 , 0.0216 , -0.0163 , -0.0934 , 0.97
-0.7829 , -0.0081 , 0.0359 , 0.6210 , 0.9955 , 0.0221 , -0.0143 , -0.0912 , 0.98
-0.7864 , -0.0081 , 0.0355 , 0.6166 , 0.9957 , 0.0226 , -0.0123 , -0.0891 , 0.99
-0.7899 , -0.0101 , 0.0325 , 0.6123 , 0.9959 , 0.0232 , -0.0104 , -0.0871 , 1.00
-0.7921 , -0.0119 , 0.0333 , 0.6093 , 0.9960 , 0.0238 , -0.0085 , -0.0852 , 1.01
-0.7953 , -0.0139 , 0.0318 , 0.6052 , 0.9962 , 0.0245 , -0.0067 , -0.0833 , 1.02
-0.7977 , -0.0145 , 0.0318 , 0.6020 , 0.9963 , 0.0251 , -0.0049 , -0.0816 , 1.03
-0.8009 , -0.0164 , 0.0305 , 0.5978 , 0.9965 , 0.0258 , -0.0031 , -0.0799 , 1.04
-0.8051 , -0.0190 , 0.0280 , 0.5922 , 0.9966 , 0.0264 , -0.0013 , -0.0783 , 1.05
-0.8092 , -0.0206 , 0.0266 , 0.5866 , 0.9967 , 0.0270 , 0.0005 , -0.0767 , 1.06
-0.8134 , -0.0212 , 0.0258 , 0.5807 , 0.9968 , 0.0275 , 0.0022 , -0.0752 , 1.07
-0.8148 , -0.0249 , 0.0247 , 0.5787 , 0.9969 , 0.0280 , 0.0039 , -0.0738 , 1.08
-0.8186 , -0.0262 , 0.0228 , 0.5733 , 0.9970 , 0.0284 , 0.0056 , -0.0725 , 1.09
-0.8206 , -0.0260 , 0.0210 , 0.5705 , 0.9970 , 0.0287 , 0.0073 , -0.0712 , 1.10
-0.8224 , -0.0258 , 0.0197 , 0.5679 , 0.9971 , 0.0290 , 0.0089 , -0.0699 , 1.11
-0.8237 , -0.0265 , 0.0187 , 0.5661 , 0.9972 , 0.0292 , 0.0105 , -0.0687 , 1.12
-0.8254 , -0.0281 , 0.0169 , 0.5635 , 0.9972 , 0.0293 , 0.0121 , -0.0676 , 1.13
-0.8268 , -0.0296 , 0.0152 , 0.5615 , 0.9973 , 0.0293 , 0.0136 , -0.0665 , 1.14
-0.8274 , -0.0305 , 0.0146 , 0.5606 , 0.9973 , 0.0292 , 0.0151 , -0.0654 , 1.15
-0.8289 , -0.0335 , 0.0128 , 0.5583 , 0.9974 , 0.0291 , 0.0166 , -0.0644 , 1.16
-0.8298 , -0.0346 , 0.0108 , 0.5569 , 0.9974 , 0.0290 , 0.0181 , -0.0634 , 1.17
-0.8303 , -0.0345 , 0.0095 , 0.5562 , 0.9974 , 0.0288 , 0.0195 , -0.0624 , 1.18
-0.8310 , -0.0338 , 0.0096 , 0.5551 , 0.9975 , 0.0285 , 0.0208 , -0.0615 , 1.19
-0.8325 , -0.0327 , 0.0067 , 0.5531 , 0.9975 , 0.0282 , 0.0221 , -0.0606 , 1.20
-0.8339 , -0.0334 , 0.0051 , 0.5509 , 0.9976 , 0.0278 , 0.0234 , -0.0597 , 1.21
-0.8343 , -0.0350 , 0.0044 , 0.5501 , 0.9976 , 0.0275 , 0.0246 , -0.0588 , 1.22
-0.8353 , -0.0362 , 0.0032 , 0.5485 , 0.9976 , 0.0270 , 0.0258 , -0.0580 , 1.23
-0.8368 , -0.0358 , 0.0018 , 0.5463 , 0.9976 , 0.0266 , 0.0269 , -0.0572 , 1.24
-0.8381 , -0.0342 , 0.0005 , 0.5445 , 0.9977 , 0.0261 , 0.0280 , -0.0564 , 1.25
-0.8395 , -0.0358 , 0.0006 , 0.5422 , 0.9977 , 0.0255 , 0.0290 , -0.0556 , 1.26
-0.8415 , -0.0358 , -0.0011 , 0.5391 , 0.9977 , 0.0250 , 0.0300 , -0.0548 , 1.27
-0.8427 , -0.0348 , -0.0040 , 0.5372 , 0.9978 , 0.0244 , 0.0309 , -0.0541 , 1.28
-0.8449 , -0.0330 , -0.0056 , 0.5338 , 0.9978 , 0.0237 , 0.0317 , -0.0533 , 1.29
-0.8472 , -0.0325 , -0.0057 , 0.5302 , 0.9978 , 0.0231 , 0.0325 , -0.0526 , 1.30
-0.8497 , -0.0329 , -0.0071 , 0.5262 , 0.9979 , 0.0224 , 0.0332 , -0.0519 , 1.31
-0.8512 , -0.0322 , -0.0083 , 0.5237 , 0.9979 , 0.0217 , 0.0338 , -0.0512 , 1.32
-0.8591 , -0.0335 , -0.0104 , 0.5105 , 0.9979 , 0.0210 , 0.0344 , -0.0505 , 1.33
-0.8649 , -0.0311 , -0.0102 , 0.5008 , 0.9979 , 0.0203 , 0.0348 , -0.0498 , 1.34
-0.8671 , -0.0310 , -0.0096 , 0.4971 , 0.9980 , 0.0196 , 0.0353 , -0.0491 , 1.35
-0.8883 , -0.0311 , -0.0136 , 0.4580 , 0.9980 , 0.0188 , 0.0356 , -0.0485 , 1.36
-0.8961 , -0.0309 , -0.0142 , 0.4426 , 0.9980 , 0.0180 , 0.0359 , -0.0478 , 1.37
-0.9187 , -0.0310 , -0.0152 , 0.3935 , 0.9981 , 0.0173 , 0.0361 , -0.0472 , 1.38
-0.9396 , -0.0303 , -0.0162 , 0.3405 , 0.9981 , 0.0165 , 0.0362 , -0.0466 , 1.39
-0.9781 , -0.0262 , -0.0256 , 0.2047 , 0.9982 , 0.0157 , 0.0363 , -0.0460 , 1.40
-0.9937 , -0.0211 , -0.0282 , 0.1064 , 0.9982 , 0.0150 , 0.0363 , -0.0453 , 1.41
-0.9993 , -0.0175 , -0.0305 , -0.0149 , 0.9982 , 0.0142 , 0.0363 , -0.0448 , 1.42
-0.9926 , -0.0135 , -0.0341 , -0.1160 , 0.9983 , 0.0134 , 0.0362 , -0.0442 , 1.43
-0.9819 , -0.0100 , -0.0324 , -0.1862 , 0.9983 , 0.0127 , 0.0361 , -0.0436 , 1.44
-0.9628 , -0.0054 , -0.0325 , -0.2682 , 0.9984 , 0.0119 , 0.0359 , -0.0430 , 1.45
-0.9361 , -0.0025 , -0.0328 , -0.3502 , 0.9984 , 0.0112 , 0.0357 , -0.0425 , 1.46
-0.9171 , -0.0019 , -0.0291 , -0.3976 , 0.9984 , 0.0104 , 0.0354 , -0.0419 , 1.47
-0.8634 , 0.0033 , -0.0317 , -0.5036 , 0.9985 , 0.0097 , 0.0352 , -0.0414 , 1.48
-0.8188 , 0.0047 , -0.0295 , -0.5733 , 0.9985 , 0.0090 , 0.0349 , -0.0408 , 1.49
-0.7482 , 0.0080 , -0.0290 , -0.6628 , 0.9986 , 0.0082 , 0.0345 , -0.0403 , 1.50
-0.6393 , 0.0154 , -0.0262 , -0.7683 , 0.9986 , 0.0075 , 0.0342 , -0.0398 , 1.51
-0.5218 , 0.0217 , -0.0252 , -0.8524 , 0.9986 , 0.0068 , 0.0339 , -0.0393 , 1.52
-0.4664 , 0.0210 , -0.0226 , -0.8840 , 0.9987 , 0.0061 , 0.0335 , -0.0388 , 1.53
-0.4398 , 0.0184 , -0.0176 , -0.8977 , 0.9987 , 0.0054 , 0.0331 , -0.0383 , 1.54
-0.3096 , 0.0222 , -0.0162 , -0.9505 , 0.9987 , 0.0047 , 0.0327 , -0.0377 , 1.55
-0.1943 , 0.0262 , -0.0114 , -0.9805 , 0.9988 , 0.0040 , 0.0323 , -0.0372 , 1.56
-0.1403 , 0.0227 , -0.0064 , -0.9898 , 0.9988 , 0.0034 , 0.0319 , -0.0368 , 1.57
-0.0392 , 0.0263 , -0.0054 , -0.9989 , 0.9988 , 0.0027 , 0.0315 , -0.0363 , 1.58
0.0444 , 0.0248 , -0.0051 , -0.9987 , 0.9989 , 0.0020 , 0.0311 , -0.0358 , 1.59
0.1384 , 0.0240 , 0.0003 , -0.9901 , 0.9989 , 0.0014 , 0.0307 , -0.0353 , 1.60
0.2406 , 0.0220 , 0.0044 , -0.9704 , 0.9989 , 0.0007 , 0.0302 , -0.0348 , 1.61
0.3279 , 0.0214 , 0.0062 , -0.9444 , 0.9990 , 0.0001 , 0.0298 , -0.0343 , 1.62
0.4088 , 0.0203 , 0.0088 , -0.9123 , 0.9990 , -0.0006 , 0.0293 , -0.0338 , 1.63
0.4995 , 0.0185 , 0.0109 , -0.8660 , 0.9990 , -0.0012 , 0.0289 , -0.0334 , 1.64
0.5619 , 0.0192 , 0.0126 , -0.8269 , 0.9991 , -0.0018 , 0.0284 , -0.0329 , 1.65
0.6238 , 0.0181 , 0.0142 , -0.7813 , 0.9991 , -0.0024 , 0.0279 , -0.0324 , 1.66
0.6888 , 0.0171 , 0.0139 , -0.7246 , 0.9991 , -0.0030 , 0.0274 , -0.0319 , 1.67
0.7453 , 0.0147 , 0.0127 , -0.6664 , 0.9991 , -0.0036 , 0.0269 , -0.0315 , 1.68
0.8011 , 0.0123 , 0.0167 , -0.5982 , 0.9992 , -0.0041 , 0.0264 , -0.0310 , 1.69
0.8562 , 0.0096 , 0.0186 , -0.5162 , 0.9992 , -0.0047 , 0.0259 , -0.0306 , 1.70
0.8842 , 0.0078 , 0.0174 , -0.4668 , 0.9992 , -0.0052 , 0.0254 , -0.0301 , 1.71
0.9182 , 0.0064 , 0.0185 , -0.3956 , 0.9992 , -0.0057 , 0.0249 , -0.0297 , 1.72
0.9448 , 0.0046 , 0.0183 , -0.3270 , 0.9993 , -0.0062 , 0.0244 , -0.0292 , 1.73
0.9669 , 0.0022 , 0.0201 , -0.2543 , 0.9993 , -0.0066 , 0.0238 , -0.0288 , 1.74
0.9816 , 0.0001 , 0.0190 , -0.1898 , 0.9993 , -0.0071 , 0.0233 , -0.0283 , 1.75
0.9929 , -0.0004 , 0.0173 , -0.1174 , 0.9993 , -0.0075 , 0.0228 , -0.0279 , 1.76
0.9988 , -0.0023 , 0.0170 , -0.0468 , 0.9993 , -0.0079 , 0.0222 , -0.0275 , 1.77
0.9995 , -0.0048 , 0.0171 , 0.0269 , 0.9994 , -0.0083 , 0.0217 , -0.0271 , 1.78
0.9953 , -0.0072 , 0.0156 , 0.0958 , 0.9994 , -0.0087 , 0.0212 , -0.0266 , 1.79
0.9854 , -0.0088 , 0.0138 , 0.1695 , 0.9994 , -0.0090 , 0.0207 , -0.0262 , 1.80
0.9729 , -0.0107 , 0.0108 , 0.2307 , 0.9994 , -0.0094 , 0.0201 , -0.0258 , 1.81
0.9531 , -0.0124 , 0.0089 , 0.3024 , 0.9994 , -0.0097 , 0.0196 , -0.0254 , 1.82
0.9263 , -0.0104 , 0.0082 , 0.3766 , 0.9995 , -0.0100 , 0.0191 , -0.0250 , 1.83
0.8826 , -0.0110 , 0.0056 , 0.4699 , 0.9995 , -0.0103 , 0.0186 , -0.0246 , 1.84
0.8305 , -0.0119 , 0.0049 , 0.5568 , 0.9995 , -0.0105 , 0.0181 , -0.0242 , 1.85
0.7796 , -0.0149 , 0.0054 , 0.6260 , 0.9995 , -0.0108 , 0.0177 , -0.0238 , 1.86
0.7331 , -0.0153 , 0.0051 , 0.6800 , 0.9995 , -0.0110 , 0.0172 , -0.0235 , 1.87
0.6961 , -0.0146 , 0.0041 , 0.7178 , 0.9995 , -0.0112 , 0.0167 , -0.0231 , 1.88
0.6526 , -0.0133 , 0.0018 , 0.7576 , 0.9995 , -0.0114 , 0.0163 , -0.0227 , 1.89
0.5803 , -0.0141 , 0.0020 , 0.8143 , 0.9996 , -0.0116 , 0.0158 , -0.0223 , 1.90
0.5214 , -0.0144 , 0.0002 , 0.8532 , 0.9996 , -0.0118 , 0.0154 , -0.0220 , 1.91
0.4536 , -0.0135 , -0.0040 , 0.8911 , 0.9996 , -0.0120 , 0.0150 , -0.0216 , 1.92
0.4070 , -0.0103 , -0.0017 , 0.9134 , 0.9996 , -0.0121 , 0.0146 , -0.0213 , 1.93
0.3168 , -0.0144 , -0.0060 , 0.9484 , 0.9996 , -0.0123 , 0.0142 , -0.0209 , 1.94
0.2638 , -0.0122 , -0.0085 , 0.9645 , 0.9996 , -0.0124 , 0.0138 , -0.0206 , 1.95
0.1939 , -0.0124 , -0.0113 , 0.9809 , 0.9996 , -0.0126 , 0.0134 , -0.0202 , 1.96
0.1407 , -0.0116 , -0.0091 , 0.9899 , 0.9996 , -0.0127 , 0.0130 , -0.0199 , 1.97
0.0899 , -0.0094 , -0.0077 , 0.9959 , 0.9996 , -0.0128 , 0.0126 , -0.0196 , 1.98
0.0571 , -0.0050 , -0.0065 , 0.9983 , 0.9997 , -0.0129 , 0.0123 , -0.0192 , 1.99
-0.0215 , -0.0056 , -0.0101 , 0.9997 , 0.9997 , -0.0130 , 0.0119 , -0.0189 , 2.00
-0.0852 , -0.0046 , -0.0072 , 0.9963 , 0.9997 , -0.0131 , 0.0116 , -0.0186 , 2.01
-0.1802 , -0.0055 , -0.0103 , 0.9836 , 0.9997 , -0.0131 , 0.0112 , -0.0183 , 2.02
-0.2506 , -0.0018 , -0.0112 , 0.9680 , 0.9997 , -0.0132 , 0.0109 , -0.0179 , 2.03
-0.2983 , 0.0006 , -0.0086 , 0.9544 , 0.9997 , -0.0132 , 0.0105 , -0.0176 , 2.04
-0.3841 , -0.0007 , -0.0093 , 0.9232 , 0.9997 , -0.0133 , 0.0102 , -0.0173 , 2.05
-0.4492 , 0.0016 , -0.0111 , 0.8933 , 0.9997 , -0.0133 , 0.0099 , -0.0170 , 2.06
-0.5279 , 0.0007 , -0.0133 , 0.8492 , 0.9997 , -0.0134 , 0.0096 , -0.0167 , 2.07
-0.5664 , 0.0030 , -0.0124 , 0.8241 , 0.9997 , -0.0134 , 0.0093 , -0.0164 , 2.08
-0.5983 , 0.0024 , -0.0091 , 0.8012 , 0.9997 , -0.0134 , 0.0090 , -0.0161 , 2.09
-0.6342 , 0.0011 , -0.0067 , 0.7732 , 0.9997 , -0.0134 , 0.0087 , -0.0159 , 2.10
-0.6872 , 0.0002 , -0.0100 , 0.7264 , 0.9998 , -0.0134 , 0.0084 , -0.0156 , 2.11
-0.7272 , 0.0026 , -0.0084 , 0.6864 , 0.9998 , -0.0134 , 0.0081 , -0.0153 , 2.12
-0.7690 , 0.0054 , -0.0086 , 0.6392 , 0.9998 , -0.0134 , 0.0078 , -0.0150 , 2.13
-0.8006 , 0.0067 , -0.0086 , 0.5991 , 0.9998 , -0.0133 , 0.0075 , -0.0148 , 2.14
-0.8293 , 0.0080 , -0.0083 , 0.5586 , 0.9998 , -0.0133 , 0.0072 , -0.0145 , 2.15
-0.8602 , 0.0080 , -0.0081 , 0.5098 , 0.9998 , -0.0133 , 0.0070 , -0.0142 , 2.16
-0.8873 , 0.0087 , -0.0047 , 0.4610 , 0.9998 , -0.0132 , 0.0067 , -0.0140 , 2.17
-0.9307 , 0.0097 , -0.0057 , 0.3655 , 0.9998 , -0.0132 , 0.0065 , -0.0137 , 2.18
-0.9476 , 0.0094 , -0.0030 , 0.3194 , 0.9998 , -0.0131 , 0.0062 , -0.0135 , 2.19
-0.9683 , 0.0111 , -0.0012 , 0.2495 , 0.9998 , -0.0131 , 0.0060 , -0.0133 , 2.20
-0.9856 , 0.0093 , -0.0017 , 0.1688 , 0.9998 , -0.0130 , 0.0058 , -0.0130 , 2.21
-0.9944 , 0.0089 , -0.0023 , 0.1051 , 0.9998 , -0.0129 , 0.0056 , -0.0128 , 2.22
-0.9995 , 0.0102 , -0.0011 , 0.0296 , 0.9998 , -0.0129 , 0.0054 , -0.0126 , 2.23
-0.9994 , 0.0102 , 0.0019 , -0.0330 , 0.9998 , -0.0128 , 0.0051 , -0.0123 , 2.24
-0.9961 , 0.0083 , 0.0019 , -0.0881 , 0.9998 , -0.0127 , 0.0049 , -0.0121 , 2.25
-0.9873 , 0.0092 , 0.0025 , -0.1589 , 0.9998 , -0.0126 , 0.0048 , -0.0119 , 2.26
-0.9767 , 0.0079 , 0.0035 , -0.2143 , 0.9998 , -0.0125 , 0.0046 , -0.0117 , 2.27
-0.9593 , 0.0084 , 0.0035 , -0.2822 , 0.9998 , -0.0124 , 0.0044 , -0.0115 , 2.28
-0.9428 , 0.0067 , 0.0046 , -0.3331 , 0.9999 , -0.0123 , 0.0042 , -0.0113 , 2.29
-0.9155 , 0.0064 , 0.0064 , -0.4023 , 0.9999 , -0.0122 , 0.0041 , -0.0111 , 2.30
-0.8789 , 0.0063 , 0.0058 , -0.4769 , 0.9999 , -0.0121 , 0.0039 , -0.0109 , 2.31
-0.8441 , 0.0069 , 0.0090 , -0.5360 , 0.9999 , -0.0120 , 0.0038 , -0.0107 , 2.32
-0.8197 , 0.0043 , 0.0084 , -0.5728 , 0.9999 , -0.0119 , 0.0036 , -0.0105 , 2.33
-0.7810 , 0.0047 , 0.0090 , -0.6244 , 0.9999 , -0.0118 , 0.0035 , -0.0104 , 2.34
-0.7316 , 0.0056 , 0.0093 , -0.6816 , 0.9999 , -0.0117 , 0.0033 , -0.0102 , 2.35
-0.6867 , 0.0052 , 0.0069 , -0.7269 , 0.9999 , -0.0116 , 0.0032 , -0.0100 , 2.36
-0.6364 , 0.0043 , 0.0085 , -0.7713 , 0.9999 , -0.0114 , 0.0031 , -0.0098 , 2.37
-0.5957 , 0.0010 , 0.0074 , -0.8031 , 0.9999 , -0.0113 , 0.0030 , -0.0097 , 2.38
-0.5436 , 0.0004 , 0.0098 , -0.8393 , 0.9999 , -0.0112 , 0.0029 , -0.0095 , 2.39
-0.5006 , -0.0025 , 0.0067 , -0.8656 , 0.9999 , -0.0111 , 0.0028 , -0.0094 , 2.40
-0.4393 , -0.0036 , 0.0090 , -0.8983 , 0.9999 , -0.0110 , 0.0027 , -0.0092 , 2.41
-0.3717 , -0.0041 , 0.0073 , -0.9283 , 0.9999 , -0.0108 , 0.0026 , -0.0091 , 2.42
-0.2663 , -0.0025 , 0.0064 , -0.9639 , 0.9999 , -0.0107 , 0.0025 , -0.0089 , 2.43
-0.1858 , -0.0022 , 0.0089 , -0.9825 , 0.9999 , -0.0106 , 0.0024 , -0.0088 , 2.44
-0.1299 , -0.0019 , 0.0042 , -0.9915 , 0.9999 , -0.0104 , 0.0023 , -0.0086 , 2.45
-0.0502 , -0.0018 , 0.0039 , -0.9987 , 0.9999 , -0.0103 , 0.0022 , -0.0085 , 2.46
0.0227 , -0.0029 , 0.0059 , -0.9997 , 0.9999 , -0.0102 , 0.0021 , -0.0084 , 2.47
0.0829 , -0.0067 , 0.0075 , -0.9965 , 0.9999 , -0.0100 , 0.0021 , -0.0082 , 2.48
0.1493 , -0.0064 , 0.0065 , -0.9888 , 0.9999 , -0.0099 , 0.0020 , -0.0081 , 2.49
0.2328 , -0.0061 , 0.0043 , -0.9725 , 0.9999 , -0.0098 , 0.0019 , -0.0080 , 2.50
0.3148 , -0.0037 , 0.0034 , -0.9491 , 0.9999 , -0.0096 , 0.0019 , -0.0079 , 2.51
0.3788 , -0.0050 , 0.0035 , -0.9254 , 0.9999 , -0.0095 , 0.0018 , -0.0078 , 2.52
0.4472 , -0.0046 , 0.0030 , -0.8944 , 0.9999 , -0.0094 , 0.0018 , -0.0077 , 2.53
0.5083 , -0.0047 , 0.0014 , -0.8612 , 0.9999 , -0.0092 , 0.0017 , -0.0076 , 2.54
0.6083 , -0.0024 , 0.0018 , -0.7937 , 0.9999 , -0.0091 , 0.0017 , -0.0075 , 2.55
0.6662 , -0.0036 , -0.0004 , -0.7457 , 0.9999 , -0.0090 , 0.0016 , -0.0074 , 2.56
0.7524 , -0.0056 , 0.0043 , -0.6586 , 0.9999 , -0.0088 , 0.0016 , -0.0073 , 2.57
0.7797 , -0.0065 , -0.0003 , -0.6261 , 0.9999 , -0.0087 , 0.0016 , -0.0072 , 2.58
0.8318 , -0.0057 , 0.0004 , -0.5551 , 0.9999 , -0.0086 , 0.0015 , -0.0071 , 2.59
0.8750 , -0.0069 , -0.0009 , -0.4841 , 0.9999 , -0.0084 , 0.0015 , -0.0070 , 2.60
0.9209 , -0.0082 , 0.0002 , -0.3897 , 0.9999 , -0.0083 , 0.0015 , -0.0069 , 2.61
0.9476 , -0.0074 , -0.0013 , -0.3193 , 0.9999 , -0.0082 , 0.0014 , -0.0068 , 2.62
0.9702 , -0.0059 , -0.0027 , -0.2422 , 0.9999 , -0.0080 , 0.0014 , -0.0067 , 2.63
0.9875 , -0.0069 , -0.0026 , -0.1573 , 0.9999 , -0.0079 , 0.0014 , -0.0066 , 2.64
0.9936 , -0.0027 , -0.0063 , -0.1123 , 0.9999 , -0.0078 , 0.0014 , -0.0066 , 2.65
0.9999 , -0.0056 , -0.0035 , -0.0101 , 0.9999 , -0.0077 , 0.0014 , -0.0065 , 2.66
0.9985 , -0.0051 , -0.0046 , 0.0545 , 1.0000 , -0.0075 , 0.0014 , -0.0064 , 2.67
0.9926 , -0.0010 , -0.0049 , 0.1215 , 1.0000 , -0.0074 , 0.0014 , -0.0064 , 2.68
0.9773 , -0.0025 , -0.0055 , 0.2116 , 1.0000 , -0.0073 , 0.0014 , -0.0063 , 2.69
0.9473 , -0.0025 , -0.0047 , 0.3203 , 1.0000 , -0.0071 , 0.0013 , -0.0062 , 2.70
0.9132 , -0.0023 , -0.0024 , 0.4075 , 1.0000 , -0.0070 , 0.0013 , -0.0062 , 2.71
0.8834 , 0.0006 , -0.0029 , 0.4685 , 1.0000 , -0.0069 , 0.0013 , -0.0061 , 2.72
0.8556 , 0.0042 , -0.0044 , 0.5176 , 1.0000 , -0.0068 , 0.0013 , -0.0061 , 2.73
0.8052 , 0.0057 , -0.0071 , 0.5929 , 1.0000 , -0.0067 , 0.0013 , -0.0060 , 2.74
0.7218 , 0.0037 , -0.0035 , 0.6921 , 1.0000 , -0.0065 , 0.0013 , -0.0059 , 2.75
0.6633 , 0.0018 , -0.0049 , 0.7484 , 1.0000 , -0.0064 , 0.0014 , -0.0059 , 2.76
0.6395 , 0.0047 , -0.0062 , 0.7688 , 1.0000 , -0.0063 , 0.0014 , -0.0058 , 2.77
0.5078 , 0.0018 , -0.0048 , 0.8615 , 1.0000 , -0.0062 , 0.0014 , -0.0058 , 2.78
0.4421 , 0.0027 , -0.0051 , 0.8970 , 1.0000 , -0.0061 , 0.0014 , -0.0058 , 2.79
0.3938 , 0.0061 , -0.0038 , 0.9192 , 1.0000 , -0.0060 , 0.0014 , -0.0057 , 2.80
0.3208 , 0.0067 , -0.0043 , 0.9471 , 1.0000 , -0.0058 , 0.0014 , -0.0057 , 2.81
0.2045 , 0.0021 , -0.0039 , 0.9789 , 1.0000 , -0.0057 , 0.0014 , -0.0056 , 2.82
0.1531 , 0.0049 , -0.0043 , 0.9882 , 1.0000 , -0.0056 , 0.0014 , -0.0056 , 2.83
0.0863 , 0.0049 , -0.0029 , 0.9963 , 1.0000 , -0.0055 , 0.0014 , -0.0056 , 2.84
0.0224 , 0.0043 , -0.0013 , 0.9997 , 1.0000 , -0.0054 , 0.0015 , -0.0055 , 2.85
-0.0347 , 0.0054 , -0.0005 , 0.9994 , 1.0000 , -0.0053 , 0.0015 , -0.0055 , 2.86
-0.1235 , 0.0074 , -0.0004 , 0.9923 , 1.0000 , -0.0052 , 0.0015 , -0.0055 , 2.87
-0.2507 , 0.0042 , -0.0010 , 0.9681 , 1.0000 , -0.0051 , 0.0015 , -0.0054 , 2.88
-0.3336 , 0.0064 , -0.0014 , 0.9427 , 1.0000 , -0.0050 , 0.0015 , -0.0054 , 2.89
-0.4161 , 0.0051 , -0.0001 , 0.9093 , 1.0000 , -0.0049 , 0.0015 , -0.0054 , 2.90
-0.4941 , 0.0063 , 0.0020 , 0.8694 , 1.0000 , -0.0048 , 0.0016 , -0.0053 , 2.91
-0.6056 , 0.0034 , 0.0016 , 0.7958 , 1.0000 , -0.0047 , 0.0016 , -0.0053 , 2.92
-0.6889 , 0.0036 , 0.0017 , 0.7249 , 1.0000 , -0.0046 , 0.0016 , -0.0053 , 2.93
-0.7510 , 0.0020 , 0.0038 , 0.6603 , 1.0000 , -0.0045 , 0.0016 , -0.0053 , 2.94
-0.8259 , -0.0006 , 0.0026 , 0.5638 , 1.0000 , -0.0044 , 0.0016 , -0.0052 , 2.95
-0.9027 , 0.0008 , 0.0017 , 0.4303 , 1.0000 , -0.0043 , 0.0017 , -0.0052 , 2.96
-0.9373 , 0.0004 , 0.0037 , 0.3484 , 1.0000 , -0.0042 , 0.0017 , -0.0052 , 2.97
-0.9750 , -0.0001 , 0.0029 , 0.2223 , 1.0000 , -0.0042 , 0.0017 , -0.0052 , 2.98
-0.9943 , -0.0019 , 0.0001 , 0.1068 , 1.0000 , -0.0041 , 0.0017 , -0.0052 , 2.99
-0.9990 , -0.0012 , 0.0032 , 0.0454 , 1.0000 , -0.0040 , 0.0018 , -0.0052 , 3.00
-0.9999 , 0.0010 , 0.0061 , -0.0105 , 1.0000 , -0.0039 , 0.0018 , -0.0051 , 3.01
-0.9963 , -0.0019 , 0.0046 , -0.0852 , 1.0000 , -0.0038 , 0.0018 , -0.0051 , 3.02
-0.9847 , -0.0015 , 0.0059 , -0.1739 , 1.0000 , -0.0038 , 0.0018 , -0.0051 , 3.03
-0.9549 , -0.0000 , 0.0027 , -0.2970 , 1.0000 , -0.0037 , 0.0018 , -0.0051 , 3.04
-0.9136 , 0.0017 , 0.0014 , -0.4067 , 1.0000 , -0.0036 , 0.0019 , -0.0051 , 3.05
-0.8865 , -0.0004 , 0.0039 , -0.4628 , 1.0000 , -0.0035 , 0.0019 , -0.0051 , 3.06
-0.8316 , -0.0014 , -0.0011 , -0.5553 , 1.0000 , -0.0035 , 0.0019 , -0.0051 , 3.07
-0.7826 , -0.0013 , 0.0018 , -0.6225 , 1.0000 , -0.0034 , 0.0019 , -0.0051 , 3.08
-0.7358 , -0.0019 , 0.0016 , -0.6772 , 1.0000 , -0.0033 , 0.0020 , -0.0050 , 3.09
-0.6892 , -0.0035 , 0.0036 , -0.7246 , 1.0000 , -0.0032 , 0.0020 , -0.0050 , 3.10
-0.6459 , -0.0076 , 0.0041 , -0.7634 , 1.0000 , -0.0032 , 0.0020 , -0.0050 , 3.11
-0.5433 , -0.0052 , 0.0007 , -0.8395 , 1.0000 , -0.0031 , 0.0020 , -0.0050 , 3.12
-0.4532 , -0.0038 , 0.0005 , -0.8914 , 1.0000 , -0.0030 , 0.0020 , -0.0050 , 3.13
-0.3571 , -0.0041 , 0.0003 , -0.9340 , 1.0000 , -0.0030 , 0.0021 , -0.0050 , 3.14
-0.2609 , -0.0050 , -0.0015 , -0.9653 , 1.0000 , -0.0029 , 0.0021 , -0.0050 , 3.15
-0.1449 , -0.0064 , 0.0001 , -0.9894 , 1.0000 , -0.0029 , 0.0021 , -0.0050 , 3.16
-0.0046 , -0.0054 , -0.0014 , -1.0000 , 1.0000 , -0.0028 , 0.0021 , -0.0050 , 3.17
0.1171 , -0.0040 , -0.0024 , -0.9931 , 1.0000 , -0.0027 , 0.0021 , -0.0050 , 3.18
0.2082 , -0.0057 , -0.0036 , -0.9781 , 1.0000 , -0.0027 , 0.0022 , -0.0050 , 3.19
0.3196 , -0.0061 , -0.0053 , -0.9475 , 1.0000 , -0.0026 , 0.0022 , -0.0050 , 3.20
0.3894 , -0.0062 , -0.0094 , -0.9210 , 1.0000 , -0.0026 , 0.0022 , -0.0050 , 3.21
0.5540 , -0.0010 , -0.0051 , -0.8325 , 1.0000 , -0.0025 , 0.0022 , -0.0050 , 3.22
0.6046 , -0.0017 , -0.0059 , -0.7965 , 1.0000 , -0.0025 , 0.0022 , -0.0050 , 3.23
0.7201 , -0.0006 , -0.0058 , -0.6938 , 1.0000 , -0.0024 , 0.0022 , -0.0050 , 3.24
0.8156 , 0.0001 , -0.0042 , -0.5787 , 1.0000 , -0.0024 , 0.0023 , -0.0050 , 3.25
0.8750 , -0.0000 , -0.0002 , -0.4842 , 1.0000 , -0.0023 , 0.0023 , -0.0050 , 3.26
0.8795 , 0.0026 , -0.0041 , -0.4758 , 1.0000 , -0.0023 , 0.0023 , -0.0050 , 3.27
0.9226 , 0.0033 , -0.0018 , -0.3858 , 1.0000 , -0.0022 , 0.0023 , -0.0050 , 3.28
0.9438 , 0.0003 , -0.0038 , -0.3304 , 1.0000 , -0.0022 , 0.0023 , -0.0050 , 3.29
0.9654 , -0.0001 , -0.0040 , -0.2608 , 1.0000 , -0.0021 , 0.0023 , -0.0050 , 3.30
0.9863 , -0.0003 , -0.0039 , -0.1651 , 1.0000 , -0.0021 , 0.0023 , -0.0050 , 3.31
0.9976 , 0.0020 , -0.0045 , -0.0697 , 1.0000 , -0.0021 , 0.0024 , -0.0050 , 3.32
0.9984 , 0.0013 , -0.0079 , -0.0563 , 1.0000 , -0.0020 , 0.0024 , -0.0050 , 3.33
0.9837 , 0.0025 , -0.0044 , 0.1799 , 1.0000 , -0.0020 , 0.0024 , -0.0050 , 3.34
0.9288 , 0.0054 , -0.0003 , 0.3705 , 1.0000 , -0.0019 , 0.0024 , -0.0050 , 3.35
0.8724 , 0.0021 , 0.0001 , 0.4888 , 1.0000 , -0.0019 , 0.0024 , -0.0050 , 3.36
0.8431 , 0.0048 , -0.0034 , 0.5377 , 1.0000 , -0.0019 , 0.0024 , -0.0050 , 3.37
0.7854 , 0.0047 , -0.0038 , 0.6189 , 1.0000 , -0.0018 , 0.0024 , -0.0050 , 3.38
0.7499 , 0.0084 , -0.0047 , 0.6615 , 1.0000 , -0.0018 , 0.0024 , -0.0050 , 3.39
0.6597 , 0.0059 , -0.0020 , 0.7515 , 1.0000 , -0.0018 , 0.0024 , -0.0050 , 3.40
0.6202 , 0.0077 , -0.0014 , 0.7844 , 1.0000 , -0.0017 , 0.0024 , -0.0050 , 3.41
0.4780 , 0.0040 , 0.0016 , 0.8784 , 1.0000 , -0.0017 , 0.0024 , -0.0050 , 3.42
0.3856 , 0.0031 , 0.0026 , 0.9227 , 1.0000 , -0.0017 , 0.0025 , -0.0050 , 3.43
0.2910 , 0.0035 , 0.0017 , 0.9567 , 1.0000 , -0.0016 , 0.0025 , -0.0050 , 3.44
0.1833 , 0.0042 , 0.0017 , 0.9830 , 1.0000 , -0.0016 , 0.0025 , -0.0050 , 3.45
0.0612 , 0.0025 , 0.0002 , 0.9981 , 1.0000 , -0.0016 , 0.0025 , -0.0050 , 3.46
0.0092 , 0.0066 , 0.0023 , 0.9999 , 1.0000 , -0.0015 , 0.0025 , -0.0050 , 3.47
-0.1007 , 0.0057 , 0.0024 , 0.9949 , 1.0000 , -0.0015 , 0.0025 , -0.0050 , 3.48
-0.2023 , 0.0046 , 0.0076 , 0.9793 , 1.0000 , -0.0015 , 0.0025 , -0.0050 , 3.49
-0.3669 , 0.0005 , 0.0063 , 0.9302 , 1.0000 , -0.0015 , 0.0025 , -0.0050 , 3.50
-0.5101 , -0.0017 , 0.0031 , 0.8601 , 1.0000 , -0.0014 , 0.0025 , -0.0050 , 3.51
-0.6119 , -0.0001 , 0.0011 , 0.7909 , 1.0000 , -0.0014 , 0.0025 , -0.0050 , 3.52
-0.6700 , 0.0020 , 0.0040 , 0.7423 , 1.0000 , -0.0014 , 0.0025 , -0.0050 , 3.53
-0.7452 , 0.0007 , 0.0062 , 0.6668 , 1.0000 , -0.0014 , 0.0025 , -0.0050 , 3.54
-0.8435 , -0.0003 , 0.0054 , 0.5371 , 1.0000 , -0.0013 , 0.0025 , -0.0050 , 3.55
-0.9234 , -0.0001 , 0.0023 , 0.3839 , 1.0000 , -0.0013 , 0.0025 , -0.0050 , 3.56
-0.9649 , -0.0013 , 0.0013 , 0.2627 , 1.0000 , -0.0013 , 0.0025 , -0.0050 , 3.57
-0.9856 , -0.0016 , 0.0041 , 0.1689 , 1.0000 , -0.0013 , 0.0025 , -0.0050 , 3.58
-0.9970 , -0.0036 , 0.0028 , 0.0771 , 1.0000 , -0.0013 , 0.0025 , -0.0050 , 3.59
-1.0000 , -0.0034 , 0.0030 , 0.0004 , 1.0000 , -0.0012 , 0.0025 , -0.0050 , 3.60
-0.9927 , -0.0020 , 0.0030 , -0.1207 , 1.0000 , -0.0012 , 0.0025 , -0.0050 , 3.61
-0.9763 , -0.0037 , 0.0028 , -0.2163 , 1.0000 , -0.0012 , 0.0025 , -0.0050 , 3.62
-0.9480 , -0.0018 , 0.0009 , -0.3183 , 1.0000 , -0.0012 , 0.0025 , -0.0050 , 3.63
-0.9406 , -0.0033 , 0.0054 , -0.3395 , 1.0000 , -0.0012 , 0.0025 , -0.0050 , 3.64
-0.8988 , -0.0039 , 0.0030 , -0.4383 , 1.0000 , -0.0011 , 0.0025 , -0.0050 , 3.65
-0.8645 , -0.0071 , 0.0033 , -0.5026 , 1.0000 , -0.0011 , 0.0025 , -0.0050 , 3.66
-0.7927 , -0.0083 , 0.0005 , -0.6096 , 1.0000 , -0.0011 , 0.0025 , -0.0050 , 3.67
-0.7382 , -0.0063 , -0.0005 , -0.6745 , 1.0000 , -0.0011 , 0.0025 , -0.0050 , 3.68
-0.6696 , -0.0046 , -0.0023 , -0.7427 , 1.0000 , -0.0011 , 0.0024 , -0.0050 , 3.69
-0.6197 , -0.0078 , -0.0016 , -0.7848 , 1.0000 , -0.0011 , 0.0024 , -0.0050 , 3.70
-0.4984 , -0.0063 , -0.0048 , -0.8669 , 1.0000 , -0.0011 , 0.0024 , -0.0050 , 3.71
-0.3701 , -0.0033 , -0.0058 , -0.9290 , 1.0000 , -0.0010 , 0.0024 , -0.0050 , 3.72
-0.2644 , -0.0043 , -0.0029 , -0.9644 , 1.0000 , -0.0010 , 0.0024 , -0.0050 , 3.73
-0.1087 , -0.0044 , -0.0049 , -0.9941 , 1.0000 , -0.0010 , 0.0024 , -0.0050 , 3.74
0.0833 , -0.0006 , -0.0056 , -0.9965 , 1.0000 , -0.0010 , 0.0024 , -0.0050 , 3.75
0.0474 , -0.0047 , -0.0023 , -0.9989 , 1.0000 , -0.0010 , 0.0024 , -0.0050 , 3.76
0.2257 , -0.0041 , -0.0062 , -0.9742 , 1.0000 , -0.0010 , 0.0024 , -0.0050 , 3.77
0.3330 , -0.0022 , -0.0050 , -0.9429 , 1.0000 , -0.0010 , 0.0024 , -0.0050 , 3.78
0.4159 , -0.0007 , -0.0059 , -0.9094 , 1.0000 , -0.0009 , 0.0024 , -0.0050 , 3.79
0.4900 , -0.0041 , -0.0048 , -0.8717 , 1.0000 , -0.0009 , 0.0024 , -0.0050 , 3.80
0.6078 , -0.0038 , -0.0051 , -0.7941 , 1.0000 , -0.0009 , 0.0024 , -0.0050 , 3.81
0.7327 , 0.0007 , -0.0020 , -0.6806 , 1.0000 , -0.0009 , 0.0023 , -0.0050 , 3.82
0.7341 , 0.0001 , -0.0042 , -0.6791 , 1.0000 , -0.0009 , 0.0023 , -0.0050 , 3.83
0.8123 , 0.0009 , -0.0064 , -0.5832 , 1.0000 , -0.0009 , 0.0023 , -0.0050 , 3.84
0.8824 , 0.0039 , -0.0042 , -0.4704 , 1.0000 , -0.0009 , 0.0023 , -0.0050 , 3.85
0.9247 , 0.0009 , -0.0054 , -0.3806 , 1.0000 , -0.0009 , 0.0023 , -0.0050 , 3.86
0.9595 , 0.0026 , -0.0067 , -0.2815 , 1.0000 , -0.0009 , 0.0023 , -0.0049 , 3.87
0.9869 , 0.0020 , -0.0059 , -0.1613 , 1.0000 , -0.0008 , 0.0023 , -0.0049 , 3.88
0.9997 , 0.0025 , -0.0051 , -0.0234 , 1.0000 , -0.0008 , 0.0023 , -0.0049 , 3.89
0.9946 , 0.0042 , -0.0048 , 0.1033 , 1.0000 , -0.0008 , 0.0023 , -0.0049 , 3.90
0.9679 , 0.0048 , -0.0038 , 0.2513 , 1.0000 , -0.0008 , 0.0022 , -0.0049 , 3.91
0.9271 , 0.0072 , -0.0023 , 0.3747 , 1.0000 , -0.0008 , 0.0022 , -0.0049 , 3.92
0.8453 , 0.0062 , 0.0012 , 0.5342 , 1.0000 , -0.0008 , 0.0022 , -0.0049 , 3.93
0.7711 , 0.0061 , 0.0004 , 0.6367 , 1.0000 , -0.0008 , 0.0022 , -0.0049 , 3.94
0.8656 , 0.0078 , -0.0035 , 0.5006 , 1.0000 , -0.0008 , 0.0022 , -0.0049 , 3.95
0.7480 , 0.0050 , 0.0014 , 0.6636 , 1.0000 , -0.0008 , 0.0022 , -0.0049 , 3.96
0.6609 , 0.0068 , 0.0016 , 0.7505 , 1.0000 , -0.0008 , 0.0022 , -0.0049 , 3.97
0.5315 , 0.0048 , 0.0008 , 0.8470 , 1.0000 , -0.0007 , 0.0022 , -0.0049 , 3.98
0.3345 , 0.0010 , -0.0002 , 0.9424 , 1.0000 , -0.0007 , 0.0021 , -0.0049 , 3.99
0.2447 , 0.0053 , 0.0024 , 0.9696 , 1.0000 , -0.0007 , 0.0021 , -0.0049 , 4.00
0.0723 , 0.0005 , 0.0023 , 0.9974 , 1.0000 , -0.0007 , 0.0021 , -0.0049 , 4.01
-0.0344 , 0.0024 , 0.0033 , 0.9994 , 1.0000 , -0.0007 , 0.0021 , -0.0049 , 4.02
-0.1606 , 0.0054 , 0.0029 , 0.9870 , 1.0000 , -0.0007 , 0.0021 , -0.0049 , 4.03
-0.1669 , 0.0061 , 0.0056 , 0.9859 , 1.0000 , -0.0007 , 0.0021 , -0.0049 , 4.04
-0.2882 , 0.0032 , 0.0053 , 0.9576 , 1.0000 , -0.0007 , 0.0021 , -0.0049 , 4.05
-0.3814 , 0.0012 , 0.0063 , 0.9244 , 1.0000 , -0.0007 , 0.0020 , -0.0049 , 4.06
-0.4209 , 0.0021 , 0.0070 , 0.9071 , 1.0000 , -0.0007 , 0.0020 , -0.0049 , 4.07
-0.5212 , 0.0021 , 0.0035 , 0.8534 , 1.0000 , -0.0007 , 0.0020 , -0.0049 , 4.08
-0.5914 , 0.0017 , 0.0057 , 0.8064 , 1.0000 , -0.0007 , 0.0020 , -0.0049 , 4.09
-0.6826 , 0.0034 , 0.0052 , 0.7307 , 1.0000 , -0.0007 , 0.0020 , -0.0049 , 4.10
-0.7300 , 0.0033 , 0.0074 , 0.6834 , 1.0000 , -0.0006 , 0.0020 , -0.0049 , 4.11
-0.7810 , 0.0025 , 0.0066 , 0.6245 , 1.0000 , -0.0006 , 0.0020 , -0.0049 , 4.12
-0.8276 , 0.0017 , 0.0073 , 0.5613 , 1.0000 , -0.0006 , 0.0019 , -0.0048 , 4.13
-0.8836 , 0.0005 , 0.0059 , 0.4682 , 1.0000 , -0.0006 , 0.0019 , -0.0048 , 4.14
-0.9136 , -0.0007 , 0.0069 , 0.4065 , 1.0000 , -0.0006 , 0.0019 , -0.0048 , 4.15
-0.9365 , -0.0022 , 0.0094 , 0.3506 , 1.0000 , -0.0006 , 0.0019 , -0.0048 , 4.16
-0.9349 , -0.0028 , 0.0087 , 0.3548 , 1.0000 , -0.0006 , 0.0019 , -0.0048 , 4.17
-0.9816 , -0.0041 , 0.0059 , 0.1910 , 1.0000 , -0.0006 , 0.0019 , -0.0048 , 4.18
-0.9991 , -0.0054 , 0.0034 , 0.0408 , 1.0000 , -0.0006 , 0.0018 , -0.0048 , 4.19
-0.9957 , -0.0055 , 0.0036 , -0.0925 , 1.0000 , -0.0006 , 0.0018 , -0.0048 , 4.20
-0.9795 , -0.0037 , 0.0011 , -0.2016 , 1.0000 , -0.0006 , 0.0018 , -0.0048 , 4.21
-0.9630 , -0.0062 , 0.0018 , -0.2696 , 1.0000 , -0.0006 , 0.0018 , -0.0048 , 4.22
-0.9208 , -0.0071 , 0.0038 , -0.3899 , 1.0000 , -0.0006 , 0.0018 , -0.0048 , 4.23
-0.8304 , -0.0067 , 0.0011 , -0.5571 , 1.0000 , -0.0006 , 0.0018 , -0.0048 , 4.24
-0.7417 , -0.0031 , -0.0035 , -0.6707 , 1.0000 , -0.0005 , 0.0018 , -0.0048 , 4.25
-0.6698 , -0.0024 , -0.0026 , -0.7425 , 1.0000 , -0.0005 , 0.0017 , -0.0048 , 4.26
-0.6338 , -0.0062 , 0.0006 , -0.7735 , 1.0000 , -0.0005 , 0.0017 , -0.0048 , 4.27
-0.5572 , -0.0076 , -0.0005 , -0.8303 , 1.0000 , -0.0005 , 0.0017 , -0.0048 , 4.28
-0.4522 , -0.0065 , -0.0035 , -0.8919 , 1.0000 , -0.0005 , 0.0017 , -0.0048 , 4.29
-0.3358 , -0.0056 , -0.0032 , -0.9419 , 1.0000 , -0.0005 , 0.0017 , -0.0048 , 4.30
-0.2087 , -0.0040 , -0.0029 , -0.9780 , 1.0000 , -0.0005 , 0.0017 , -0.0047 , 4.31
-0.2046 , -0.0066 , -0.0022 , -0.9788 , 1.0000 , -0.0005 , 0.0017 , -0.0047 , 4.32
-0.0277 , -0.0039 , -0.0022 , -0.9996 , 1.0000 , -0.0005 , 0.0016 , -0.0047 , 4.33
-0.0813 , -0.0076 , -0.0049 , -0.9966 , 1.0000 , -0.0005 , 0.0016 , -0.0047 , 4.34
0.0574 , -0.0014 , -0.0024 , -0.9983 , 1.0000 , -0.0005 , 0.0016 , -0.0047 , 4.35
0.1076 , -0.0057 , -0.0031 , -0.9942 , 1.0000 , -0.0005 , 0.0016 , -0.0047 , 4.36
0.2533 , -0.0030 , -0.0022 , -0.9674 , 1.0000 , -0.0005 , 0.0016 , -0.0047 , 4.37
0.2724 , -0.0040 , -0.0033 , -0.9622 , 1.0000 , -0.0005 , 0.0016 , -0.0047 , 4.38
0.3903 , -0.0044 , -0.0059 , -0.9207 , 1.0000 , -0.0005 , 0.0016 , -0.0047 , 4.39
0.5487 , -0.0008 , -0.0048 , -0.8360 , 1.0000 , -0.0005 , 0.0015 , -0.0047 , 4.40
0.6837 , 0.0027 , -0.0041 , -0.7297 , 1.0000 , -0.0004 , 0.0015 , -0.0047 , 4.41
0.7489 , 0.0009 , -0.0030 , -0.6627 , 1.0000 , -0.0004 , 0.0015 , -0.0047 , 4.42
0.7926 , 0.0016 , -0.0067 , -0.6097 , 1.0000 , -0.0004 , 0.0015 , -0.0047 , 4.43
0.8625 , 0.0009 , -0.0035 , -0.5061 , 1.0000 , -0.0004 , 0.0015 , -0.0047 , 4.44
0.8464 , -0.0010 , -0.0066 , -0.5326 , 1.0000 , -0.0004 , 0.0015 , -0.0047 , 4.45
0.9031 , 0.0026 , -0.0073 , -0.4294 , 1.0000 , -0.0004 , 0.0015 , -0.0046 , 4.46
0.9529 , 0.0030 , -0.0070 , -0.3033 , 1.0000 , -0.0004 , 0.0014 , -0.0046 , 4.47
0.9851 , 0.0021 , -0.0043 , -0.1718 , 1.0000 , -0.0004 , 0.0014 , -0.0046 , 4.48
0.9966 , 0.0016 , -0.0049 , -0.0827 , 1.0000 , -0.0004 , 0.0014 , -0.0046 , 4.49
0.9999 , 0.0007 , -0.0056 , 0.0163 , 1.0000 , -0.0004 , 0.0014 , -0.0046 , 4.50
0.9914 , 0.0040 , -0.0039 , 0.1310 , 1.0000 , -0.0004 , 0.0014 , -0.0046 , 4.51
0.9871 , 0.0067 , -0.0059 , 0.1599 , 1.0000 , -0.0004 , 0.0014 , -0.0046 , 4.52
0.9635 , 0.0053 , -0.0036 , 0.2675 , 1.0000 , -0.0004 , 0.0014 , -0.0046 , 4.53
0.9433 , 0.0077 , -0.0052 , 0.3319 , 1.0000 , -0.0004 , 0.0013 , -0.0046 , 4.54
0.9043 , 0.0092 , -0.0063 , 0.4267 , 1.0000 , -0.0004 , 0.0013 , -0.0046 , 4.55
0.8239 , 0.0072 , -0.0023 , 0.5666 , 1.0000 , -0.0004 , 0.0013 , -0.0046 , 4.56
0.7738 , 0.0094 , -0.0024 , 0.6334 , 1.0000 , -0.0004 , 0.0013 , -0.0046 , 4.57
0.6494 , 0.0072 , -0.0019 , 0.7604 , 1.0000 , -0.0004 , 0.0013 , -0.0046 , 4.58
0.5425 , 0.0090 , 0.0021 , 0.8400 , 1.0000 , -0.0003 , 0.0013 , -0.0046 , 4.59
0.4170 , 0.0064 , 0.0027 , 0.9089 , 1.0000 , -0.0003 , 0.0013 , -0.0045 , 4.60
0.3101 , 0.0056 , 0.0027 , 0.9507 , 1.0000 , -0.0003 , 0.0013 , -0.0045 , 4.61
0.2046 , 0.0061 , 0.0039 , 0.9788 , 1.0000 , -0.0003 , 0.0012 , -0.0045 , 4.62
0.1051 , 0.0074 , 0.0032 , 0.9944 , 1.0000 , -0.0003 , 0.0012 , -0.0045 , 4.63
-0.0153 , 0.0080 , 0.0029 , 0.9998 , 1.0000 , -0.0003 , 0.0012 , -0.0045 , 4.64
-0.1381 , 0.0056 , 0.0042 , 0.9904 , 1.0000 , -0.0003 , 0.0012 , -0.0045 , 4.65
-0.2280 , 0.0057 , 0.0045 , 0.9736 , 1.0000 , -0.0003 , 0.0012 , -0.0045 , 4.66
-0.3302 , 0.0073 , 0.0067 , 0.9438 , 1.0000 , -0.0003 , 0.0012 , -0.0045 , 4.67
-0.4148 , 0.0066 , 0.0099 , 0.9098 , 1.0000 , -0.0003 , 0.0012 , -0.0045 , 4.68
-0.6119 , 0.0038 , 0.0095 , 0.7909 , 1.0000 , -0.0003 , 0.0012 , -0.0045 , 4.69
-0.7027 , 0.0024 , 0.0088 , 0.7115 , 1.0000 , -0.0003 , 0.0011 , -0.0045 , 4.70
-0.7558 , 0.0010 , 0.0095 , 0.6547 , 1.0000 , -0.0003 , 0.0011 , -0.0045 , 4.71
-0.8316 , -0.0008 , 0.0076 , 0.5553 , 1.0000 , -0.0003 , 0.0011 , -0.0045 , 4.72
-0.8855 , -0.0026 , 0.0059 , 0.4646 , 1.0000 , -0.0003 , 0.0011 , -0.0045 , 4.73
-0.9253 , -0.0004 , 0.0071 , 0.3791 , 1.0000 , -0.0003 , 0.0011 , -0.0044 , 4.74
-0.9680 , -0.0014 , 0.0046 , 0.2509 , 1.0000 , -0.0003 , 0.0011 , -0.0044 , 4.75
-0.9859 , -0.0026 , 0.0053 , 0.1674 , 1.0000 , -0.0003 , 0.0011 , -0.0044 , 4.76
-0.9982 , -0.0033 , 0.0034 , 0.0604 , 1.0000 , -0.0003 , 0.0011 , -0.0044 , 4.77
-0.9992 , -0.0027 , 0.0039 , -0.0403 , 1.0000 , -0.0002 , 0.0010 , -0.0044 , 4.78
-0.9929 , -0.0029 , 0.0050 , -0.1185 , 1.0000 , -0.0002 , 0.0010 , -0.0044 , 4.79
-0.9758 , -0.0036 , 0.0039 , -0.2188 , 1.0000 , -0.0002 , 0.0010 , -0.0044 , 4.80
-0.9554 , -0.0070 , 0.0032 , -0.2953 , 1.0000 , -0.0002 , 0.0010 , -0.0044 , 4.81
-0.9256 , -0.0069 , 0.0039 , -0.3784 , 1.0000 , -0.0002 , 0.0010 , -0.0044 , 4.82
-0.8950 , -0.0093 , 0.0054 , -0.4459 , 1.0000 , -0.0002 , 0.0010 , -0.0044 , 4.83
-0.7992 , -0.0079 , 0.0003 , -0.6011 , 1.0000 , -0.0002 , 0.0010 , -0.0044 , 4.84
-0.7291 , -0.0055 , -0.0003 , -0.6844 , 1.0000 , -0.0002 , 0.0010 , -0.0044 , 4.85
-0.6771 , -0.0076 , -0.0029 , -0.7358 , 1.0000 , -0.0002 , 0.0010 , -0.0044 , 4.86
-0.5794 , -0.0043 , -0.0016 , -0.8150 , 1.0000 , -0.0002 , 0.0010 , -0.0044 , 4.87
-0.5283 , -0.0076 , -0.0014 , -0.8490 , 1.0000 , -0.0002 , 0.0009 , -0.0043 , 4.88
-0.4361 , -0.0070 , -0.0020 , -0.8999 , 1.0000 , -0.0002 , 0.0009 , -0.0043 , 4.89
-0.3629 , -0.0099 , -0.0020 , -0.9318 , 1.0000 , -0.0002 , 0.0009 , -0.0043 , 4.90
-0.1904 , -0.0068 , -0.0039 , -0.9817 , 1.0000 , -0.0002 , 0.0009 , -0.0043 , 4.91
-0.1002 , -0.0066 , -0.0047 , -0.9949 , 1.0000 , -0.0002 , 0.0009 , -0.0043 , 4.92
-0.0089 , -0.0066 , -0.0087 , -0.9999 , 1.0000 , -0.0002 , 0.0009 , -0.0043 , 4.93
0.1623 , -0.0036 , -0.0070 , -0.9867 , 1.0000 , -0.0002 , 0.0009 , -0.0043 , 4.94
0.3076 , -0.0003 , -0.0074 , -0.9515 , 1.0000 , -0.0002 , 0.0009 , -0.0043 , 4.95
0.4296 , -0.0008 , -0.0070 , -0.9030 , 1.0000 , -0.0002 , 0.0009 , -0.0043 , 4.96
0.5178 , -0.0033 , -0.0070 , -0.8555 , 1.0000 , -0.0002 , 0.0009 , -0.0043 , 4.97
0.6009 , -0.0037 , -0.0090 , -0.7993 , 1.0000 , -0.0002 , 0.0008 , -0.0043 , 4.98
0.6778 , -0.0001 , -0.0059 , -0.7352 , 1.0000 , -0.0002 , 0.0008 , -0.0043 , 4.99
0.7338 , -0.0025 , -0.0061 , -0.6793 , 1.0000 , -0.0001 , 0.0008 , -0.0043 , 5.00
0.7903 , -0.0013 , -0.0073 , -0.6127 , 1.0000 , -0.0001 , 0.0008 , -0.0043 , 5.01
0.8353 , 0.0004 , -0.0064 , -0.5497 , 1.0000 , -0.0001 , 0.0008 , -0.0043 , 5.02
0.8680 , -0.0011 , -0.0065 , -0.4966 , 1.0000 , -0.0001 , 0.0008 , -0.0042 , 5.03
0.9017 , -0.0003 , -0.0065 , -0.4323 , 1.0000 , -0.0001 , 0.0008 , -0.0042 , 5.04
0.9173 , 0.0006 , -0.0071 , -0.3982 , 1.0000 , -0.0001 , 0.0008 , -0.0042 , 5.05
0.9507 , 0.0027 , -0.0045 , -0.3100 , 1.0000 , -0.0001 , 0.0008 , -0.0042 , 5.06
0.9683 , 0.0011 , -0.0063 , -0.2496 , 1.0000 , -0.0001 , 0.0008 , -0.0042 , 5.07
0.9938 , 0.0013 , -0.0051 , -0.1114 , 1.0000 , -0.0001 , 0.0008 , -0.0042 , 5.08
0.9995 , 0.0013 , -0.0057 , 0.0320 , 1.0000 , -0.0001 , 0.0007 , -0.0042 , 5.09
0.9814 , 0.0034 , -0.0051 , 0.1919 , 1.0000 , -0.0001 , 0.0007 , -0.0042 , 5.10
0.9489 , 0.0062 , -0.0044 , 0.3156 , 1.0000 , -0.0001 , 0.0007 , -0.0042 , 5.11
0.9014 , 0.0027 , -0.0021 , 0.4331 , 1.0000 , -0.0001 , 0.0007 , -0.0042 , 5.12
0.8728 , 0.0045 , -0.0038 , 0.4880 , 1.0000 , -0.0001 , 0.0007 , -0.0042 , 5.13
0.8249 , 0.0051 , -0.0022 , 0.5652 , 1.0000 , -0.0001 , 0.0007 , -0.0042 , 5.14
0.7708 , 0.0057 , -0.0023 , 0.6371 , 1.0000 , -0.0001 , 0.0007 , -0.0042 , 5.15
0.7487 , 0.0073 , -0.0023 , 0.6629 , 1.0000 , -0.0001 , 0.0007 , -0.0042 , 5.16
0.6726 , 0.0070 , -0.0001 , 0.7400 , 1.0000 , -0.0001 , 0.0007 , -0.0041 , 5.17
0.6104 , 0.0095 , 0.0005 , 0.7920 , 1.0000 , -0.0001 , 0.0007 , -0.0041 , 5.18
0.5339 , 0.0100 , 0.0011 , 0.8455 , 1.0000 , -0.0001 , 0.0007 , -0.0041 , 5.19
0.4364 , 0.0076 , 0.0005 , 0.8997 , 1.0000 , -0.0001 , 0.0007 , -0.0041 , 5.20
0.3396 , 0.0063 , 0.0014 , 0.9406 , 1.0000 , -0.0001 , 0.0007 , -0.0041 , 5.21
0.2373 , 0.0040 , 0.0006 , 0.9714 , 1.0000 , -0.0001 , 0.0006 , -0.0041 , 5.22
0.1719 , 0.0066 , 0.0009 , 0.9851 , 1.0000 , -0.0001 , 0.0006 , -0.0041 , 5.23
0.0822 , 0.0063 , 0.0040 , 0.9966 , 1.0000 , -0.0001 , 0.0006 , -0.0041 , 5.24
-0.0183 , 0.0066 , 0.0050 , 0.9998 , 1.0000 , -0.0001 , 0.0006 , -0.0041 , 5.25
-0.1034 , 0.0096 , 0.0058 , 0.9946 , 1.0000 , -0.0001 , 0.0006 , -0.0041 , 5.26
-0.2518 , 0.0053 , 0.0077 , 0.9677 , 1.0000 , -0.0001 , 0.0006 , -0.0041 , 5.27
-0.3832 , 0.0023 , 0.0083 , 0.9236 , 1.0000 , -0.0000 , 0.0006 , -0.0041 , 5.28
-0.4852 , 0.0004 , 0.0055 , 0.8744 , 1.0000 , -0.0000 , 0.0006 , -0.0041 , 5.29
-0.5577 , 0.0018 , 0.0054 , 0.8300 , 1.0000 , -0.0000 , 0.0006 , -0.0041 , 5.30
-0.5504 , 0.0021 , 0.0078 , 0.8349 , 1.0000 , -0.0000 , 0.0006 , -0.0041 , 5.31
-0.6747 , -0.0022 , 0.0057 , 0.7381 , 1.0000 , -0.0000 , 0.0006 , -0.0040 , 5.32
-0.7231 , -0.0007 , 0.0078 , 0.6907 , 1.0000 , -0.0000 , 0.0006 , -0.0040 , 5.33
-0.7849 , 0.0016 , 0.0079 , 0.6195 , 1.0000 , -0.0000 , 0.0006 , -0.0040 , 5.34
-0.8442 , -0.0020 , 0.0047 , 0.5360 , 1.0000 , -0.0000 , 0.0006 , -0.0040 , 5.35
-0.8655 , -0.0020 , 0.0092 , 0.5008 , 1.0000 , -0.0000 , 0.0005 , -0.0040 , 5.36
-0.9178 , -0.0017 , 0.0068 , 0.3969 , 1.0000 , -0.0000 , 0.0005 , -0.0040 , 5.37
-0.9500 , -0.0034 , 0.0073 , 0.3120 , 1.0000 , -0.0000 , 0.0005 , -0.0040 , 5.38
-0.9509 , -0.0040 , 0.0102 , 0.3093 , 1.0000 , -0.0000 , 0.0005 , -0.0040 , 5.39
-0.9964 , -0.0059 , 0.0057 , 0.0838 , 1.0000 , -0.0000 , 0.0005 , -0.0040 , 5.40
-0.9923 , -0.0068 , 0.0033 , -0.1237 , 1.0000 , -0.0000 , 0.0005 , -0.0040 , 5.41
-0.9578 , -0.0046 , 0.0029 , -0.2875 , 1.0000 , -0.0000 , 0.0005 , -0.0040 , 5.42
-0.8994 , -0.0051 , 0.0005 , -0.4370 , 1.0000 , -0.0000 , 0.0005 , -0.0040 , 5.43
-0.8443 , -0.0051 , 0.0034 , -0.5359 , 1.0000 , -0.0000 , 0.0005 , -0.0040 , 5.44
-0.8080 , -0.0084 , 0.0027 , -0.5891 , 1.0000 , -0.0000 , 0.0005 , -0.0040 , 5.45
-0.7644 , -0.0105 , 0.0027 , -0.6446 , 1.0000 , -0.0000 , 0.0005 , -0.0040 , 5.46
-0.8037 , -0.0104 , 0.0045 , -0.5949 , 1.0000 , 0.0000 , 0.0005 , -0.0039 , 5.47
-0.7120 , -0.0073 , 0.0019 , -0.7021 , 1.0000 , 0.0000 , 0.0005 , -0.0039 , 5.48
-0.6351 , -0.0052 , -0.0006 , -0.7724 , 1.0000 , 0.0000 , 0.0005 , -0.0039 , 5.49
-0.5888 , -0.0075 , 0.0003 , -0.8083 , 1.0000 , 0.0000 , 0.0005 , -0.0039 , 5.50
-0.5146 , -0.0084 , -0.0002 , -0.8574 , 1.0000 , 0.0000 , 0.0005 , -0.0039 , 5.51
-0.4324 , -0.0064 , -0.0007 , -0.9016 , 1.0000 , 0.0000 , 0.0005 , -0.0039 , 5.52
-0.3527 , -0.0051 , -0.0009 , -0.9357 , 1.0000 , 0.0000 , 0.0004 , -0.0039 , 5.53
-0.3289 , -0.0092 , -0.0006 , -0.9443 , 1.0000 , 0.0000 , 0.0004 , -0.0039 , 5.54
-0.1967 , -0.0081 , -0.0022 , -0.9804 , 1.0000 , 0.0000 , 0.0004 , -0.0039 , 5.55
-0.0504 , -0.0055 , -0.0038 , -0.9987 , 1.0000 , 0.0000 , 0.0004 , -0.0039 , 5.56
0.0542 , -0.0049 , -0.0058 , -0.9985 , 1.0000 , 0.0000 , 0.0004 , -0.0039 , 5.57
0.1858 , -0.0008 , -0.0042 , -0.9826 , 1.0000 , 0.0000 , 0.0004 , -0.0039 , 5.58
0.1873 , -0.0058 , -0.0058 , -0.9823 , 1.0000 , 0.0000 , 0.0004 , -0.0039 , 5.59
0.2869 , -0.0043 , -0.0045 , -0.9579 , 1.0000 , 0.0000 , 0.0004 , -0.0039 , 5.60
0.3707 , -0.0025 , -0.0060 , -0.9287 , 1.0000 , 0.0000 , 0.0004 , -0.0039 , 5.61
0.4364 , -0.0020 , -0.0045 , -0.8997 , 1.0000 , 0.0000 , 0.0004 , -0.0039 , 5.62
0.4651 , -0.0045 , -0.0084 , -0.8852 , 1.0000 , 0.0000 , 0.0004 , -0.0038 , 5.63
0.5335 , -0.0065 , -0.0069 , -0.8458 , 1.0000 , 0.0000 , 0.0004 , -0.0038 , 5.64
0.6376 , -0.0015 , -0.0086 , -0.7703 , 1.0000 , 0.0000 , 0.0004 , -0.0038 , 5.65
0.7167 , 0.0017 , -0.0112 , -0.6973 , 1.0000 , 0.0000 , 0.0004 , -0.0038 , 5.66
0.8041 , 0.0012 , -0.0089 , -0.5944 , 1.0000 , 0.0000 , 0.0004 , -0.0038 , 5.67
0.8669 , 0.0038 , -0.0061 , -0.4985 , 1.0000 , 0.0000 , 0.0004 , -0.0038 , 5.68
0.9029 , 0.0021 , -0.0056 , -0.4297 , 1.0000 , 0.0000 , 0.0004 , -0.0038 , 5.69
0.9346 , 0.0043 , -0.0054 , -0.3557 , 1.0000 , 0.0000 , 0.0004 , -0.0038 , 5.70
0.9566 , 0.0022 , -0.0077 , -0.2912 , 1.0000 , 0.0000 , 0.0004 , -0.0038 , 5.71
0.9803 , 0.0041 , -0.0081 , -0.1971 , 1.0000 , 0.0000 , 0.0004 , -0.0038 , 5.72
0.9943 , 0.0036 , -0.0058 , -0.1068 , 1.0000 , 0.0000 , 0.0003 , -0.0038 , 5.73
0.9970 , 0.0017 , -0.0085 , -0.0775 , 1.0000 , 0.0000 , 0.0003 , -0.0038 , 5.74
0.9994 , 0.0044 , -0.0086 , 0.0335 , 1.0000 , 0.0000 , 0.0003 , -0.0038 , 5.75
0.9892 , 0.0041 , -0.0046 , 0.1462 , 1.0000 , 0.0000 , 0.0003 , -0.0038 , 5.76
0.9727 , 0.0045 , -0.0024 , 0.2320 , 1.0000 , 0.0001 , 0.0003 , -0.0038 , 5.77
0.9411 , 0.0025 , -0.0003 , 0.3381 , 1.0000 , 0.0001 , 0.0003 , -0.0038 , 5.78
0.9131 , 0.0052 , 0.0003 , 0.4077 , 1.0000 , 0.0001 , 0.0003 , -0.0037 , 5.79
0.8735 , 0.0058 , -0.0008 , 0.4868 , 1.0000 , 0.0001 , 0.0003 , -0.0037 , 5.80
0.8150 , 0.0064 , -0.0016 , 0.5795 , 1.0000 , 0.0001 , 0.0003 , -0.0037 , 5.81
0.7239 , 0.0065 , -0.0004 , 0.6899 , 1.0000 , 0.0001 , 0.0003 , -0.0037 , 5.82
0.6499 , 0.0075 , 0.0021 , 0.7600 , 1.0000 , 0.0001 , 0.0003 , -0.0037 , 5.83
0.5477 , 0.0052 , -0.0002 , 0.8367 , 1.0000 , 0.0001 , 0.0003 , -0.0037 , 5.84
0.4259 , 0.0030 , 0.0015 , 0.9048 , 1.0000 , 0.0001 , 0.0003 , -0.0037 , 5.85
0.3206 , 0.0023 , 0.0000 , 0.9472 , 1.0000 , 0.0001 , 0.0003 , -0.0037 , 5.86
0.2343 , 0.0025 , 0.0009 , 0.9722 , 1.0000 , 0.0001 , 0.0003 , -0.0037 , 5.87
0.1584 , 0.0040 , 0.0022 , 0.9874 , 1.0000 , 0.0001 , 0.0003 , -0.0037 , 5.88
0.0404 , 0.0019 , 0.0031 , 0.9992 , 1.0000 , 0.0001 , 0.0003 , -0.0037 , 5.89
0.0209 , 0.0076 , 0.0028 , 0.9997 , 1.0000 , 0.0001 , 0.0003 , -0.0037 , 5.90
-0.0935 , 0.0041 , 0.0026 , 0.9956 , 1.0000 , 0.0001 , 0.0003 , -0.0037 , 5.91
-0.1745 , 0.0031 , 0.0047 , 0.9846 , 1.0000 , 0.0001 , 0.0003 , -0.0037 , 5.92
-0.2571 , 0.0042 , 0.0063 , 0.9664 , 1.0000 , 0.0001 , 0.0003 , -0.0037 , 5.93
-0.3496 , 0.0032 , 0.0081 , 0.9369 , 1.0000 , 0.0001 , 0.0003 , -0.0037 , 5.94
-0.4592 , 0.0026 , 0.0080 , 0.8883 , 1.0000 , 0.0001 , 0.0003 , -0.0037 , 5.95
-0.5554 , 0.0026 , 0.0099 , 0.8315 , 1.0000 , 0.0001 , 0.0003 , -0.0037 , 5.96
-0.6683 , 0.0008 , 0.0110 , 0.7438 , 1.0000 , 0.0001 , 0.0003 , -0.0036 , 5.97
-0.7643 , 0.0008 , 0.0119 , 0.6448 , 1.0000 , 0.0001 , 0.0002 , -0.0036 , 5.98
-0.8559 , -0.0019 , 0.0076 , 0.5171 , 1.0000 , 0.0001 , 0.0002 , -0.0036 , 5.99
-0.9004 , -0.0040 , 0.0084 , 0.4350 , 1.0000 , 0.0001 , 0.0002 , -0.0036 , 6.00
